11 18 5 12 18 20 2 18 21 21 21 21 21 21 21 21 21 21 21 21 21 21 21 21 21 21 21 21 21 21 21 21 21 21 21 21 21 21 21 21 21 21 21 21 21 21 21 21 21 21 21 21 21 21 21 21 21 21 21 21 21 
13 13 7 8 10 15 7 21 21 21 21 21 21 21 21 21 21 21 21 21 21 21 21 21 21 21 21 21 21 21 21 21 21 21 21 21 21 21 21 21 21 21 21 21 21 21 21 21 21 21 21 21 21 21 21 21 21 21 21 21 21 
2 7 6 7 13 2 21 21 21 21 21 21 21 21 21 21 21 21 21 21 21 21 21 21 21 21 21 21 21 21 21 21 21 21 21 21 21 21 21 21 21 21 21 21 21 21 21 21 21 21 21 21 21 21 21 21 21 21 21 21 21 
2 7 15 8 15 13 2 21 21 21 21 21 21 21 21 21 21 21 21 21 21 21 21 21 21 21 21 21 21 21 21 21 21 21 21 21 21 21 21 21 21 21 21 21 21 21 21 21 21 21 21 21 21 21 21 21 21 21 21 21 21 
13 13 7 8 10 15 7 21 21 21 21 21 21 21 21 21 21 21 21 21 21 21 21 21 21 21 21 21 21 21 21 21 21 21 21 21 21 21 21 21 21 21 21 21 21 21 21 21 21 21 21 21 21 21 21 21 21 21 21 21 21 
11 13 13 7 8 10 15 21 21 21 21 21 21 21 21 21 21 21 21 21 21 21 21 21 21 21 21 21 21 21 21 21 21 21 21 21 21 21 21 21 21 21 21 21 21 21 21 21 21 21 21 21 21 21 21 21 21 21 21 21 21 
20 4 0 2 4 13 13 21 21 21 21 21 21 21 21 21 21 21 21 21 21 21 21 21 21 21 21 21 21 21 21 21 21 21 21 21 21 21 21 21 21 21 21 21 21 21 21 21 21 21 21 21 21 21 21 21 21 21 21 21 21 
20 9 1 8 11 15 14 21 21 21 21 21 21 21 21 21 21 21 21 21 21 21 21 21 21 21 21 21 21 21 21 21 21 21 21 21 21 21 21 21 21 21 21 21 21 21 21 21 21 21 21 21 21 21 21 21 21 21 21 21 21 
3 13 10 2 1 11 3 21 21 21 21 21 21 21 21 21 21 21 21 21 21 21 21 21 21 21 21 21 21 21 21 21 21 21 21 21 21 21 21 21 21 21 21 21 21 21 21 21 21 21 21 21 21 21 21 21 21 21 21 21 21 
4 13 13 7 8 10 15 7 21 21 21 21 21 21 21 21 21 21 21 21 21 21 21 21 21 21 21 21 21 21 21 21 21 21 21 21 21 21 21 21 21 21 21 21 21 21 21 21 21 21 21 21 21 21 21 21 21 21 21 21 21 
11 13 13 7 8 10 15 7 21 21 21 21 21 21 21 21 21 21 21 21 21 21 21 21 21 21 21 21 21 21 21 21 21 21 21 21 21 21 21 21 21 21 21 21 21 21 21 21 21 21 21 21 21 21 21 21 21 21 21 21 21 
2 18 16 13 11 9 1 15 21 21 21 21 21 21 21 21 21 21 21 21 21 21 21 21 21 21 21 21 21 21 21 21 21 21 21 21 21 21 21 21 21 21 21 21 21 21 21 21 21 21 21 21 21 21 21 21 21 21 21 21 21 
11 17 13 8 9 3 17 9 21 21 21 21 21 21 21 21 21 21 21 21 21 21 21 21 21 21 21 21 21 21 21 21 21 21 21 21 21 21 21 21 21 21 21 21 21 21 21 21 21 21 21 21 21 21 21 21 21 21 21 21 21 
4 7 15 8 15 11 7 21 21 21 21 21 21 21 21 21 21 21 21 21 21 21 21 21 21 21 21 21 21 21 21 21 21 21 21 21 21 21 21 21 21 21 21 21 21 21 21 21 21 21 21 21 21 21 21 21 21 21 21 21 21 
4 13 13 7 8 10 15 7 21 21 21 21 21 21 21 21 21 21 21 21 21 21 21 21 21 21 21 21 21 21 21 21 21 21 21 21 21 21 21 21 21 21 21 21 21 21 21 21 21 21 21 21 21 21 21 21 21 21 21 21 21 
11 13 13 7 8 10 15 7 21 21 21 21 21 21 21 21 21 21 21 21 21 21 21 21 21 21 21 21 21 21 21 21 21 21 21 21 21 21 21 21 21 21 21 21 21 21 21 21 21 21 21 21 21 21 21 21 21 21 21 21 21 
6 13 5 18 13 13 7 18 21 21 21 21 21 21 21 21 21 21 21 21 21 21 21 21 21 21 21 21 21 21 21 21 21 21 21 21 21 21 21 21 21 21 21 21 21 21 21 21 21 21 21 21 21 21 21 21 21 21 21 21 21 
0 8 3 13 10 8 3 8 21 21 21 21 21 21 21 21 21 21 21 21 21 21 21 21 21 21 21 21 21 21 21 21 21 21 21 21 21 21 21 21 21 21 21 21 21 21 21 21 21 21 21 21 21 21 21 21 21 21 21 21 21 
3 13 10 2 1 11 3 9 21 21 21 21 21 21 21 21 21 21 21 21 21 21 21 21 21 21 21 21 21 21 21 21 21 21 21 21 21 21 21 21 21 21 21 21 21 21 21 21 21 21 21 21 21 21 21 21 21 21 21 21 21 
17 18 9 17 16 8 17 3 21 21 21 21 21 21 21 21 21 21 21 21 21 21 21 21 21 21 21 21 21 21 21 21 21 21 21 21 21 21 21 21 21 21 21 21 21 21 21 21 21 21 21 21 21 21 21 21 21 21 21 21 21 
4 18 9 17 16 8 17 3 21 21 21 21 21 21 21 21 21 21 21 21 21 21 21 21 21 21 21 21 21 21 21 21 21 21 21 21 21 21 21 21 21 21 21 21 21 21 21 21 21 21 21 21 21 21 21 21 21 21 21 21 21 
17 4 9 17 16 8 17 3 21 21 21 21 21 21 21 21 21 21 21 21 21 21 21 21 21 21 21 21 21 21 21 21 21 21 21 21 21 21 21 21 21 21 21 21 21 21 21 21 21 21 21 21 21 21 21 21 21 21 21 21 21 
17 18 4 17 16 8 17 3 21 21 21 21 21 21 21 21 21 21 21 21 21 21 21 21 21 21 21 21 21 21 21 21 21 21 21 21 21 21 21 21 21 21 21 21 21 21 21 21 21 21 21 21 21 21 21 21 21 21 21 21 21 
17 18 9 4 16 8 17 3 21 21 21 21 21 21 21 21 21 21 21 21 21 21 21 21 21 21 21 21 21 21 21 21 21 21 21 21 21 21 21 21 21 21 21 21 21 21 21 21 21 21 21 21 21 21 21 21 21 21 21 21 21 
17 18 9 17 4 8 17 3 21 21 21 21 21 21 21 21 21 21 21 21 21 21 21 21 21 21 21 21 21 21 21 21 21 21 21 21 21 21 21 21 21 21 21 21 21 21 21 21 21 21 21 21 21 21 21 21 21 21 21 21 21 
17 18 9 17 16 4 17 3 21 21 21 21 21 21 21 21 21 21 21 21 21 21 21 21 21 21 21 21 21 21 21 21 21 21 21 21 21 21 21 21 21 21 21 21 21 21 21 21 21 21 21 21 21 21 21 21 21 21 21 21 21 
17 18 9 17 16 8 4 3 21 21 21 21 21 21 21 21 21 21 21 21 21 21 21 21 21 21 21 21 21 21 21 21 21 21 21 21 21 21 21 21 21 21 21 21 21 21 21 21 21 21 21 21 21 21 21 21 21 21 21 21 21 
17 18 9 17 16 8 17 4 21 21 21 21 21 21 21 21 21 21 21 21 21 21 21 21 21 21 21 21 21 21 21 21 21 21 21 21 21 21 21 21 21 21 21 21 21 21 21 21 21 21 21 21 21 21 21 21 21 21 21 21 21 
6 7 4 16 16 20 9 13 21 21 21 21 21 21 21 21 21 21 21 21 21 21 21 21 21 21 21 21 21 21 21 21 21 21 21 21 21 21 21 21 21 21 21 21 21 21 21 21 21 21 21 21 21 21 21 21 21 21 21 21 21 
11 10 3 18 20 13 18 6 10 21 21 21 21 21 21 21 21 21 21 21 21 21 21 21 21 21 21 21 21 21 21 21 21 21 21 21 21 21 21 21 21 21 21 21 21 21 21 21 21 21 21 21 21 21 21 21 21 21 21 21 21 
6 4 7 4 16 16 20 9 13 21 21 21 21 21 21 21 21 21 21 21 21 21 21 21 21 21 21 21 21 21 21 21 21 21 21 21 21 21 21 21 21 21 21 21 21 21 21 21 21 21 21 21 21 21 21 21 21 21 21 21 21 
11 13 13 7 8 10 15 7 4 21 21 21 21 21 21 21 21 21 21 21 21 21 21 21 21 21 21 21 21 21 21 21 21 21 21 21 21 21 21 21 21 21 21 21 21 21 21 21 21 21 21 21 21 21 21 21 21 21 21 21 21 
2 14 13 14 14 15 13 6 2 21 21 21 21 21 21 21 21 21 21 21 21 21 21 21 21 21 21 21 21 21 21 21 21 21 21 21 21 21 21 21 21 21 21 21 21 21 21 21 21 21 21 21 21 21 21 21 21 21 21 21 21 
4 11 13 8 16 8 3 15 15 21 21 21 21 21 21 21 21 21 21 21 21 21 21 21 21 21 21 21 21 21 21 21 21 21 21 21 21 21 21 21 21 21 21 21 21 21 21 21 21 21 21 21 21 21 21 21 21 21 21 21 21 
4 11 13 8 16 8 3 15 15 21 21 21 21 21 21 21 21 21 21 21 21 21 21 21 21 21 21 21 21 21 21 21 21 21 21 21 21 21 21 21 21 21 21 21 21 21 21 21 21 21 21 21 21 21 21 21 21 21 21 21 21 
4 14 11 11 4 20 11 15 4 21 21 21 21 21 21 21 21 21 21 21 21 21 21 21 21 21 21 21 21 21 21 21 21 21 21 21 21 21 21 21 21 21 21 21 21 21 21 21 21 21 21 21 21 21 21 21 21 21 21 21 21 
2 7 15 8 15 11 2 21 21 21 21 21 21 21 21 21 21 21 21 21 21 21 21 21 21 21 21 21 21 21 21 21 21 21 21 21 21 21 21 21 21 21 21 21 21 21 21 21 21 21 21 21 21 21 21 21 21 21 21 21 21 
4 11 13 8 16 8 3 15 15 21 21 21 21 21 21 21 21 21 21 21 21 21 21 21 21 21 21 21 21 21 21 21 21 21 21 21 21 21 21 21 21 21 21 21 21 21 21 21 21 21 21 21 21 21 21 21 21 21 21 21 21 
11 13 13 7 8 10 15 7 4 21 21 21 21 21 21 21 21 21 21 21 21 21 21 21 21 21 21 21 21 21 21 21 21 21 21 21 21 21 21 21 21 21 21 21 21 21 21 21 21 21 21 21 21 21 21 21 21 21 21 21 21 
2 19 1 16 15 14 5 13 2 21 21 21 21 21 21 21 21 21 21 21 21 21 21 21 21 21 21 21 21 21 21 21 21 21 21 21 21 21 21 21 21 21 21 21 21 21 21 21 21 21 21 21 21 21 21 21 21 21 21 21 21 
1 13 0 1 13 0 0 13 1 21 21 21 21 21 21 21 21 21 21 21 21 21 21 21 21 21 21 21 21 21 21 21 21 21 21 21 21 21 21 21 21 21 21 21 21 21 21 21 21 21 21 21 21 21 21 21 21 21 21 21 21 
1 13 7 1 13 0 0 13 1 21 21 21 21 21 21 21 21 21 21 21 21 21 21 21 21 21 21 21 21 21 21 21 21 21 21 21 21 21 21 21 21 21 21 21 21 21 21 21 21 21 21 21 21 21 21 21 21 21 21 21 21 
1 13 7 1 13 15 20 13 1 21 21 21 21 21 21 21 21 21 21 21 21 21 21 21 21 21 21 21 21 21 21 21 21 21 21 21 21 21 21 21 21 21 21 21 21 21 21 21 21 21 21 21 21 21 21 21 21 21 21 21 21 
2 20 9 1 8 11 15 14 2 21 21 21 21 21 21 21 21 21 21 21 21 21 21 21 21 21 21 21 21 21 21 21 21 21 21 21 21 21 21 21 21 21 21 21 21 21 21 21 21 21 21 21 21 21 21 21 21 21 21 21 21 
3 13 10 2 1 11 3 9 11 21 21 21 21 21 21 21 21 21 21 21 21 21 21 21 21 21 21 21 21 21 21 21 21 21 21 21 21 21 21 21 21 21 21 21 21 21 21 21 21 21 21 21 21 21 21 21 21 21 21 21 21 
6 4 7 4 16 16 20 9 13 21 21 21 21 21 21 21 21 21 21 21 21 21 21 21 21 21 21 21 21 21 21 21 21 21 21 21 21 21 21 21 21 21 21 21 21 21 21 21 21 21 21 21 21 21 21 21 21 21 21 21 21 
6 4 7 4 16 16 20 9 13 21 21 21 21 21 21 21 21 21 21 21 21 21 21 21 21 21 21 21 21 21 21 21 21 21 21 21 21 21 21 21 21 21 21 21 21 21 21 21 21 21 21 21 21 21 21 21 21 21 21 21 21 
19 6 16 7 11 7 13 6 8 8 21 21 21 21 21 21 21 21 21 21 21 21 21 21 21 21 21 21 21 21 21 21 21 21 21 21 21 21 21 21 21 21 21 21 21 21 21 21 21 21 21 21 21 21 21 21 21 21 21 21 21 
7 11 13 13 7 8 10 15 7 4 21 21 21 21 21 21 21 21 21 21 21 21 21 21 21 21 21 21 21 21 21 21 21 21 21 21 21 21 21 21 21 21 21 21 21 21 21 21 21 21 21 21 21 21 21 21 21 21 21 21 21 
17 3 2 18 16 13 11 9 1 15 21 21 21 21 21 21 21 21 21 21 21 21 21 21 21 21 21 21 21 21 21 21 21 21 21 21 21 21 21 21 21 21 21 21 21 21 21 21 21 21 21 21 21 21 21 21 21 21 21 21 21 
11 17 13 8 9 3 17 9 17 3 21 21 21 21 21 21 21 21 21 21 21 21 21 21 21 21 21 21 21 21 21 21 21 21 21 21 21 21 21 21 21 21 21 21 21 21 21 21 21 21 21 21 21 21 21 21 21 21 21 21 21 
4 11 13 8 16 8 3 15 15 5 21 21 21 21 21 21 21 21 21 21 21 21 21 21 21 21 21 21 21 21 21 21 21 21 21 21 21 21 21 21 21 21 21 21 21 21 21 21 21 21 21 21 21 21 21 21 21 21 21 21 21 
4 11 13 8 16 8 3 15 15 5 21 21 21 21 21 21 21 21 21 21 21 21 21 21 21 21 21 21 21 21 21 21 21 21 21 21 21 21 21 21 21 21 21 21 21 21 21 21 21 21 21 21 21 21 21 21 21 21 21 21 21 
7 11 13 13 7 8 10 15 7 4 21 21 21 21 21 21 21 21 21 21 21 21 21 21 21 21 21 21 21 21 21 21 21 21 21 21 21 21 21 21 21 21 21 21 21 21 21 21 21 21 21 21 21 21 21 21 21 21 21 21 21 
11 13 13 7 8 10 15 7 21 21 21 21 21 21 21 21 21 21 21 21 21 21 21 21 21 21 21 21 21 21 21 21 21 21 21 21 21 21 21 21 21 21 21 21 21 21 21 21 21 21 21 21 21 21 21 21 21 21 21 21 21 
8 11 13 13 7 8 10 15 7 4 21 21 21 21 21 21 21 21 21 21 21 21 21 21 21 21 21 21 21 21 21 21 21 21 21 21 21 21 21 21 21 21 21 21 21 21 21 21 21 21 21 21 21 21 21 21 21 21 21 21 21 
8 8 15 15 3 1 6 1 1 8 21 21 21 21 21 21 21 21 21 21 21 21 21 21 21 21 21 21 21 21 21 21 21 21 21 21 21 21 21 21 21 21 21 21 21 21 21 21 21 21 21 21 21 21 21 21 21 21 21 21 21 
17 13 16 1 1 16 8 8 15 15 21 21 21 21 21 21 21 21 21 21 21 21 21 21 21 21 21 21 21 21 21 21 21 21 21 21 21 21 21 21 21 21 21 21 21 21 21 21 21 21 21 21 21 21 21 21 21 21 21 21 21 
1 1 16 3 1 6 8 8 15 15 21 21 21 21 21 21 21 21 21 21 21 21 21 21 21 21 21 21 21 21 21 21 21 21 21 21 21 21 21 21 21 21 21 21 21 21 21 21 21 21 21 21 21 21 21 21 21 21 21 21 21 
14 9 16 3 13 10 2 1 11 3 21 21 21 21 21 21 21 21 21 21 21 21 21 21 21 21 21 21 21 21 21 21 21 21 21 21 21 21 21 21 21 21 21 21 21 21 21 21 21 21 21 21 21 21 21 21 21 21 21 21 21 
3 13 10 2 1 11 3 9 11 19 21 21 21 21 21 21 21 21 21 21 21 21 21 21 21 21 21 21 21 21 21 21 21 21 21 21 21 21 21 21 21 21 21 21 21 21 21 21 21 21 21 21 21 21 21 21 21 21 21 21 21 
6 4 7 4 16 16 20 9 13 13 21 21 21 21 21 21 21 21 21 21 21 21 21 21 21 21 21 21 21 21 21 21 21 21 21 21 21 21 21 21 21 21 21 21 21 21 21 21 21 21 21 21 21 21 21 21 21 21 21 21 21 
6 4 7 4 16 16 20 9 13 13 21 21 21 21 21 21 21 21 21 21 21 21 21 21 21 21 21 21 21 21 21 21 21 21 21 21 21 21 21 21 21 21 21 21 21 21 21 21 21 21 21 21 21 21 21 21 21 21 21 21 21 
8 14 7 8 7 8 8 7 3 6 8 21 21 21 21 21 21 21 21 21 21 21 21 21 21 21 21 21 21 21 21 21 21 21 21 21 21 21 21 21 21 21 21 21 21 21 21 21 21 21 21 21 21 21 21 21 21 21 21 21 21 
8 14 7 8 7 8 8 7 3 6 8 21 21 21 21 21 21 21 21 21 21 21 21 21 21 21 21 21 21 21 21 21 21 21 21 21 21 21 21 21 21 21 21 21 21 21 21 21 21 21 21 21 21 21 21 21 21 21 21 21 21 
0 8 11 13 13 7 8 10 15 7 4 21 21 21 21 21 21 21 21 21 21 21 21 21 21 21 21 21 21 21 21 21 21 21 21 21 21 21 21 21 21 21 21 21 21 21 21 21 21 21 21 21 21 21 21 21 21 21 21 21 21 
3 13 10 2 1 11 3 9 11 19 9 21 21 21 21 21 21 21 21 21 21 21 21 21 21 21 21 21 21 21 21 21 21 21 21 21 21 21 21 21 21 21 21 21 21 21 21 21 21 21 21 21 21 21 21 21 21 21 21 21 21 
4 20 16 16 4 14 6 19 4 0 11 21 21 21 21 21 21 21 21 21 21 21 21 21 21 21 21 21 21 21 21 21 21 21 21 21 21 21 21 21 21 21 21 21 21 21 21 21 21 21 21 21 21 21 21 21 21 21 21 21 21 
11 14 11 6 4 7 4 16 16 20 9 13 21 21 21 21 21 21 21 21 21 21 21 21 21 21 21 21 21 21 21 21 21 21 21 21 21 21 21 21 21 21 21 21 21 21 21 21 21 21 21 21 21 21 21 21 21 21 21 21 21 
11 17 13 8 9 3 17 9 17 3 2 18 21 21 21 21 21 21 21 21 21 21 21 21 21 21 21 21 21 21 21 21 21 21 21 21 21 21 21 21 21 21 21 21 21 21 21 21 21 21 21 21 21 21 21 21 21 21 21 21 21 
17 9 17 3 2 18 16 13 11 9 1 15 21 21 21 21 21 21 21 21 21 21 21 21 21 21 21 21 21 21 21 21 21 21 21 21 21 21 21 21 21 21 21 21 21 21 21 21 21 21 21 21 21 21 21 21 21 21 21 21 21 
2 13 8 15 13 8 15 8 13 13 8 2 21 21 21 21 21 21 21 21 21 21 21 21 21 21 21 21 21 21 21 21 21 21 21 21 21 21 21 21 21 21 21 21 21 21 21 21 21 21 21 21 21 21 21 21 21 21 21 21 21 
11 15 0 11 11 13 9 2 16 13 8 19 21 21 21 21 21 21 21 21 21 21 21 21 21 21 21 21 21 21 21 21 21 21 21 21 21 21 21 21 21 21 21 21 21 21 21 21 21 21 21 21 21 21 21 21 21 21 21 21 21 
2 4 7 15 8 15 11 7 21 21 21 21 21 21 21 21 21 21 21 21 21 21 21 21 21 21 21 21 21 21 21 21 21 21 21 21 21 21 21 21 21 21 21 21 21 21 21 21 21 21 21 21 21 21 21 21 21 21 21 21 21 
9 7 11 13 13 7 8 10 15 7 4 4 21 21 21 21 21 21 21 21 21 21 21 21 21 21 21 21 21 21 21 21 21 21 21 21 21 21 21 21 21 21 21 21 21 21 21 21 21 21 21 21 21 21 21 21 21 21 21 21 21 
10 0 8 11 13 13 7 8 10 15 7 4 21 21 21 21 21 21 21 21 21 21 21 21 21 21 21 21 21 21 21 21 21 21 21 21 21 21 21 21 21 21 21 21 21 21 21 21 21 21 21 21 21 21 21 21 21 21 21 21 21 
15 15 15 15 6 8 20 3 8 8 19 7 21 21 21 21 21 21 21 21 21 21 21 21 21 21 21 21 21 21 21 21 21 21 21 21 21 21 21 21 21 21 21 21 21 21 21 21 21 21 21 21 21 21 21 21 21 21 21 21 21 
7 7 4 11 2 2 13 6 2 8 2 0 21 21 21 21 21 21 21 21 21 21 21 21 21 21 21 21 21 21 21 21 21 21 21 21 21 21 21 21 21 21 21 21 21 21 21 21 21 21 21 21 21 21 21 21 21 21 21 21 21 
0 8 3 13 10 8 3 8 4 10 10 14 21 21 21 21 21 21 21 21 21 21 21 21 21 21 21 21 21 21 21 21 21 21 21 21 21 21 21 21 21 21 21 21 21 21 21 21 21 21 21 21 21 21 21 21 21 21 21 21 21 
0 8 4 13 10 8 3 8 5 10 10 14 21 21 21 21 21 21 21 21 21 21 21 21 21 21 21 21 21 21 21 21 21 21 21 21 21 21 21 21 21 21 21 21 21 21 21 21 21 21 21 21 21 21 21 21 21 21 21 21 21 
0 8 3 4 10 8 3 8 5 10 10 14 21 21 21 21 21 21 21 21 21 21 21 21 21 21 21 21 21 21 21 21 21 21 21 21 21 21 21 21 21 21 21 21 21 21 21 21 21 21 21 21 21 21 21 21 21 21 21 21 21 
0 8 3 13 10 8 3 8 5 10 10 14 21 21 21 21 21 21 21 21 21 21 21 21 21 21 21 21 21 21 21 21 21 21 21 21 21 21 21 21 21 21 21 21 21 21 21 21 21 21 21 21 21 21 21 21 21 21 21 21 21 
4 8 3 13 10 8 3 8 5 10 10 14 21 21 21 21 21 21 21 21 21 21 21 21 21 21 21 21 21 21 21 21 21 21 21 21 21 21 21 21 21 21 21 21 21 21 21 21 21 21 21 21 21 21 21 21 21 21 21 21 21 
0 8 3 13 10 8 3 8 5 4 10 14 21 21 21 21 21 21 21 21 21 21 21 21 21 21 21 21 21 21 21 21 21 21 21 21 21 21 21 21 21 21 21 21 21 21 21 21 21 21 21 21 21 21 21 21 21 21 21 21 21 
0 8 3 13 10 8 3 4 5 10 10 14 21 21 21 21 21 21 21 21 21 21 21 21 21 21 21 21 21 21 21 21 21 21 21 21 21 21 21 21 21 21 21 21 21 21 21 21 21 21 21 21 21 21 21 21 21 21 21 21 21 
0 8 3 13 10 8 3 8 5 10 10 4 21 21 21 21 21 21 21 21 21 21 21 21 21 21 21 21 21 21 21 21 21 21 21 21 21 21 21 21 21 21 21 21 21 21 21 21 21 21 21 21 21 21 21 21 21 21 21 21 21 
0 8 3 13 10 8 3 8 5 10 4 14 21 21 21 21 21 21 21 21 21 21 21 21 21 21 21 21 21 21 21 21 21 21 21 21 21 21 21 21 21 21 21 21 21 21 21 21 21 21 21 21 21 21 21 21 21 21 21 21 21 
0 8 3 13 10 8 4 8 5 10 10 14 21 21 21 21 21 21 21 21 21 21 21 21 21 21 21 21 21 21 21 21 21 21 21 21 21 21 21 21 21 21 21 21 21 21 21 21 21 21 21 21 21 21 21 21 21 21 21 21 21 
17 13 16 1 1 16 3 4 6 1 4 8 21 21 21 21 21 21 21 21 21 21 21 21 21 21 21 21 21 21 21 21 21 21 21 21 21 21 21 21 21 21 21 21 21 21 21 21 21 21 21 21 21 21 21 21 21 21 21 21 21 
17 13 16 1 1 16 3 1 6 1 1 8 21 21 21 21 21 21 21 21 21 21 21 21 21 21 21 21 21 21 21 21 21 21 21 21 21 21 21 21 21 21 21 21 21 21 21 21 21 21 21 21 21 21 21 21 21 21 21 21 21 
0 16 14 14 14 1 4 19 19 19 19 8 21 21 21 21 21 21 21 21 21 21 21 21 21 21 21 21 21 21 21 21 21 21 21 21 21 21 21 21 21 21 21 21 21 21 21 21 21 21 21 21 21 21 21 21 21 21 21 21 21 
11 16 16 19 11 15 4 14 17 7 1 4 21 21 21 21 21 21 21 21 21 21 21 21 21 21 21 21 21 21 21 21 21 21 21 21 21 21 21 21 21 21 21 21 21 21 21 21 21 21 21 21 21 21 21 21 21 21 21 21 21 
1 15 19 11 11 19 19 11 3 14 13 17 21 21 21 21 21 21 21 21 21 21 21 21 21 21 21 21 21 21 21 21 21 21 21 21 21 21 21 21 21 21 21 21 21 21 21 21 21 21 21 21 21 21 21 21 21 21 21 21 21 
3 13 10 2 1 11 3 9 11 19 9 11 21 21 21 21 21 21 21 21 21 21 21 21 21 21 21 21 21 21 21 21 21 21 21 21 21 21 21 21 21 21 21 21 21 21 21 21 21 21 21 21 21 21 21 21 21 21 21 21 21 
5 15 17 18 9 17 16 8 17 3 7 20 21 21 21 21 21 21 21 21 21 21 21 21 21 21 21 21 21 21 21 21 21 21 21 21 21 21 21 21 21 21 21 21 21 21 21 21 21 21 21 21 21 21 21 21 21 21 21 21 21 
17 18 9 17 16 8 17 3 7 20 3 19 21 21 21 21 21 21 21 21 21 21 21 21 21 21 21 21 21 21 21 21 21 21 21 21 21 21 21 21 21 21 21 21 21 21 21 21 21 21 21 21 21 21 21 21 21 21 21 21 21 
5 13 5 15 17 18 9 17 16 8 17 3 21 21 21 21 21 21 21 21 21 21 21 21 21 21 21 21 21 21 21 21 21 21 21 21 21 21 21 21 21 21 21 21 21 21 21 21 21 21 21 21 21 21 21 21 21 21 21 21 21 
4 14 0 14 3 2 9 8 20 0 14 17 21 21 21 21 21 21 21 21 21 21 21 21 21 21 21 21 21 21 21 21 21 21 21 21 21 21 21 21 21 21 21 21 21 21 21 21 21 21 21 21 21 21 21 21 21 21 21 21 21 
4 2 1 19 17 7 20 14 17 2 7 7 15 21 21 21 21 21 21 21 21 21 21 21 21 21 21 21 21 21 21 21 21 21 21 21 21 21 21 21 21 21 21 21 21 21 21 21 21 21 21 21 21 21 21 21 21 21 21 21 21 
4 2 1 19 17 7 20 14 17 2 7 7 15 21 21 21 21 21 21 21 21 21 21 21 21 21 21 21 21 21 21 21 21 21 21 21 21 21 21 21 21 21 21 21 21 21 21 21 21 21 21 21 21 21 21 21 21 21 21 21 21 
4 2 1 19 17 7 15 18 6 2 7 7 15 21 21 21 21 21 21 21 21 21 21 21 21 21 21 21 21 21 21 21 21 21 21 21 21 21 21 21 21 21 21 21 21 21 21 21 21 21 21 21 21 21 21 21 21 21 21 21 21 
4 2 1 19 17 7 15 18 6 2 7 7 15 21 21 21 21 21 21 21 21 21 21 21 21 21 21 21 21 21 21 21 21 21 21 21 21 21 21 21 21 21 21 21 21 21 21 21 21 21 21 21 21 21 21 21 21 21 21 21 21 
4 2 1 19 17 7 20 5 17 2 7 7 15 21 21 21 21 21 21 21 21 21 21 21 21 21 21 21 21 21 21 21 21 21 21 21 21 21 21 21 21 21 21 21 21 21 21 21 21 21 21 21 21 21 21 21 21 21 21 21 21 
4 2 1 19 17 7 20 5 17 2 7 7 15 21 21 21 21 21 21 21 21 21 21 21 21 21 21 21 21 21 21 21 21 21 21 21 21 21 21 21 21 21 21 21 21 21 21 21 21 21 21 21 21 21 21 21 21 21 21 21 21 
3 13 19 17 15 17 19 17 17 19 17 8 8 21 21 21 21 21 21 21 21 21 21 21 21 21 21 21 21 21 21 21 21 21 21 21 21 21 21 21 21 21 21 21 21 21 21 21 21 21 21 21 21 21 21 21 21 21 21 21 21 
11 17 13 8 9 3 17 9 17 3 2 18 16 21 21 21 21 21 21 21 21 21 21 21 21 21 21 21 21 21 21 21 21 21 21 21 21 21 21 21 21 21 21 21 21 21 21 21 21 21 21 21 21 21 21 21 21 21 21 21 21 
14 9 16 3 13 10 2 1 11 3 9 11 19 21 21 21 21 21 21 21 21 21 21 21 21 21 21 21 21 21 21 21 21 21 21 21 21 21 21 21 21 21 21 21 21 21 21 21 21 21 21 21 21 21 21 21 21 21 21 21 21 
2 1 11 3 9 11 19 9 11 13 18 20 3 21 21 21 21 21 21 21 21 21 21 21 21 21 21 21 21 21 21 21 21 21 21 21 21 21 21 21 21 21 21 21 21 21 21 21 21 21 21 21 21 21 21 21 21 21 21 21 21 
3 13 10 2 1 11 3 9 11 19 9 11 13 21 21 21 21 21 21 21 21 21 21 21 21 21 21 21 21 21 21 21 21 21 21 21 21 21 21 21 21 21 21 21 21 21 21 21 21 21 21 21 21 21 21 21 21 21 21 21 21 
3 1 15 4 3 17 11 7 3 15 11 13 1 21 21 21 21 21 21 21 21 21 21 21 21 21 21 21 21 21 21 21 21 21 21 21 21 21 21 21 21 21 21 21 21 21 21 21 21 21 21 21 21 21 21 21 21 21 21 21 21 
6 8 17 8 7 19 14 4 4 1 13 11 13 16 21 21 21 21 21 21 21 21 21 21 21 21 21 21 21 21 21 21 21 21 21 21 21 21 21 21 21 21 21 21 21 21 21 21 21 21 21 21 21 21 21 21 21 21 21 21 21 
8 8 7 8 14 7 8 7 8 8 7 3 6 8 21 21 21 21 21 21 21 21 21 21 21 21 21 21 21 21 21 21 21 21 21 21 21 21 21 21 21 21 21 21 21 21 21 21 21 21 21 21 21 21 21 21 21 21 21 21 21 
11 17 13 8 9 3 17 9 17 3 2 18 16 13 21 21 21 21 21 21 21 21 21 21 21 21 21 21 21 21 21 21 21 21 21 21 21 21 21 21 21 21 21 21 21 21 21 21 21 21 21 21 21 21 21 21 21 21 21 21 21 
9 3 17 9 17 3 2 18 16 13 11 9 1 15 21 21 21 21 21 21 21 21 21 21 21 21 21 21 21 21 21 21 21 21 21 21 21 21 21 21 21 21 21 21 21 21 21 21 21 21 21 21 21 21 21 21 21 21 21 21 21 
8 8 7 8 14 7 8 7 8 8 7 3 6 8 21 21 21 21 21 21 21 21 21 21 21 21 21 21 21 21 21 21 21 21 21 21 21 21 21 21 21 21 21 21 21 21 21 21 21 21 21 21 21 21 21 21 21 21 21 21 21 
8 8 7 8 3 7 8 20 19 11 5 16 7 9 21 21 21 21 21 21 21 21 21 21 21 21 21 21 21 21 21 21 21 21 21 21 21 21 21 21 21 21 21 21 21 21 21 21 21 21 21 21 21 21 21 21 21 21 21 21 21 
8 8 7 8 16 7 8 20 19 20 5 16 7 9 21 21 21 21 21 21 21 21 21 21 21 21 21 21 21 21 21 21 21 21 21 21 21 21 21 21 21 21 21 21 21 21 21 21 21 21 21 21 21 21 21 21 21 21 21 21 21 
8 8 7 8 14 7 8 7 8 8 7 3 6 8 21 21 21 21 21 21 21 21 21 21 21 21 21 21 21 21 21 21 21 21 21 21 21 21 21 21 21 21 21 21 21 21 21 21 21 21 21 21 21 21 21 21 21 21 21 21 21 
8 8 7 8 14 7 8 7 8 8 7 3 6 8 21 21 21 21 21 21 21 21 21 21 21 21 21 21 21 21 21 21 21 21 21 21 21 21 21 21 21 21 21 21 21 21 21 21 21 21 21 21 21 21 21 21 21 21 21 21 21 
8 8 7 8 3 7 8 20 19 11 5 16 7 9 21 21 21 21 21 21 21 21 21 21 21 21 21 21 21 21 21 21 21 21 21 21 21 21 21 21 21 21 21 21 21 21 21 21 21 21 21 21 21 21 21 21 21 21 21 21 21 
8 8 7 8 3 7 8 20 19 11 5 16 7 9 21 21 21 21 21 21 21 21 21 21 21 21 21 21 21 21 21 21 21 21 21 21 21 21 21 21 21 21 21 21 21 21 21 21 21 21 21 21 21 21 21 21 21 21 21 21 21 
8 8 7 8 16 7 8 20 19 20 5 16 7 9 21 21 21 21 21 21 21 21 21 21 21 21 21 21 21 21 21 21 21 21 21 21 21 21 21 21 21 21 21 21 21 21 21 21 21 21 21 21 21 21 21 21 21 21 21 21 21 
10 4 20 4 7 13 5 13 13 7 1 3 13 4 21 21 21 21 21 21 21 21 21 21 21 21 21 21 21 21 21 21 21 21 21 21 21 21 21 21 21 21 21 21 21 21 21 21 21 21 21 21 21 21 21 21 21 21 21 21 21 
3 13 10 2 1 11 3 9 11 19 9 11 13 18 21 21 21 21 21 21 21 21 21 21 21 21 21 21 21 21 21 21 21 21 21 21 21 21 21 21 21 21 21 21 21 21 21 21 21 21 21 21 21 21 21 21 21 21 21 21 21 
18 2 8 11 14 11 6 4 7 4 16 16 20 9 13 21 21 21 21 21 21 21 21 21 21 21 21 21 21 21 21 21 21 21 21 21 21 21 21 21 21 21 21 21 21 21 21 21 21 21 21 21 21 21 21 21 21 21 21 21 21 
8 7 3 13 3 0 20 14 3 1 7 18 5 16 1 21 21 21 21 21 21 21 21 21 21 21 21 21 21 21 21 21 21 21 21 21 21 21 21 21 21 21 21 21 21 21 21 21 21 21 21 21 21 21 21 21 21 21 21 21 21 
11 11 11 14 11 14 5 16 5 3 13 11 20 4 13 21 21 21 21 21 21 21 21 21 21 21 21 21 21 21 21 21 21 21 21 21 21 21 21 21 21 21 21 21 21 21 21 21 21 21 21 21 21 21 21 21 21 21 21 21 21 
8 8 13 5 16 7 7 7 14 13 15 1 1 13 14 21 21 21 21 21 21 21 21 21 21 21 21 21 21 21 21 21 21 21 21 21 21 21 21 21 21 21 21 21 21 21 21 21 21 21 21 21 21 21 21 21 21 21 21 21 21 
3 13 10 2 1 11 3 9 11 19 9 11 13 18 20 21 21 21 21 21 21 21 21 21 21 21 21 21 21 21 21 21 21 21 21 21 21 21 21 21 21 21 21 21 21 21 21 21 21 21 21 21 21 21 21 21 21 21 21 21 21 
7 17 17 6 15 7 8 4 8 19 16 11 4 16 4 21 21 21 21 21 21 21 21 21 21 21 21 21 21 21 21 21 21 21 21 21 21 21 21 21 21 21 21 21 21 21 21 21 21 21 21 21 21 21 21 21 21 21 21 21 21 
8 4 16 17 8 0 11 16 4 14 19 11 0 11 16 21 21 21 21 21 21 21 21 21 21 21 21 21 21 21 21 21 21 21 21 21 21 21 21 21 21 21 21 21 21 21 21 21 21 21 21 21 21 21 21 21 21 21 21 21 21 
7 4 17 6 15 7 8 4 8 19 16 11 4 16 4 21 21 21 21 21 21 21 21 21 21 21 21 21 21 21 21 21 21 21 21 21 21 21 21 21 21 21 21 21 21 21 21 21 21 21 21 21 21 21 21 21 21 21 21 21 21 
7 17 17 6 15 7 8 4 8 4 16 11 4 16 4 21 21 21 21 21 21 21 21 21 21 21 21 21 21 21 21 21 21 21 21 21 21 21 21 21 21 21 21 21 21 21 21 21 21 21 21 21 21 21 21 21 21 21 21 21 21 
4 16 4 11 16 19 8 4 8 7 15 6 17 17 7 21 21 21 21 21 21 21 21 21 21 21 21 21 21 21 21 21 21 21 21 21 21 21 21 21 21 21 21 21 21 21 21 21 21 21 21 21 21 21 21 21 21 21 21 21 21 
9 1 8 8 13 19 7 4 1 17 5 13 8 5 19 21 21 21 21 21 21 21 21 21 21 21 21 21 21 21 21 21 21 21 21 21 21 21 21 21 21 21 21 21 21 21 21 21 21 21 21 21 21 21 21 21 21 21 21 21 21 
4 18 14 16 18 11 2 13 4 15 19 0 14 18 20 21 21 21 21 21 21 21 21 21 21 21 21 21 21 21 21 21 21 21 21 21 21 21 21 21 21 21 21 21 21 21 21 21 21 21 21 21 21 21 21 21 21 21 21 21 21 
4 9 7 11 13 13 7 8 10 15 7 4 4 7 21 21 21 21 21 21 21 21 21 21 21 21 21 21 21 21 21 21 21 21 21 21 21 21 21 21 21 21 21 21 21 21 21 21 21 21 21 21 21 21 21 21 21 21 21 21 21 
15 20 7 8 15 13 2 13 9 13 5 4 4 13 6 21 21 21 21 21 21 21 21 21 21 21 21 21 21 21 21 21 21 21 21 21 21 21 21 21 21 21 21 21 21 21 21 21 21 21 21 21 21 21 21 21 21 21 21 21 21 
4 4 13 6 15 15 15 3 3 15 15 13 13 18 11 21 21 21 21 21 21 21 21 21 21 21 21 21 21 21 21 21 21 21 21 21 21 21 21 21 21 21 21 21 21 21 21 21 21 21 21 21 21 21 21 21 21 21 21 21 21 
19 8 19 3 11 6 13 15 7 11 11 7 7 19 13 21 21 21 21 21 21 21 21 21 21 21 21 21 21 21 21 21 21 21 21 21 21 21 21 21 21 21 21 21 21 21 21 21 21 21 21 21 21 21 21 21 21 21 21 21 21 
3 13 10 2 1 11 3 9 11 19 9 11 13 18 20 21 21 21 21 21 21 21 21 21 21 21 21 21 21 21 21 21 21 21 21 21 21 21 21 21 21 21 21 21 21 21 21 21 21 21 21 21 21 21 21 21 21 21 21 21 21 
7 5 19 18 18 7 4 19 2 5 16 16 13 5 7 4 21 21 21 21 21 21 21 21 21 21 21 21 21 21 21 21 21 21 21 21 21 21 21 21 21 21 21 21 21 21 21 21 21 21 21 21 21 21 21 21 21 21 21 21 21 
15 7 11 16 16 3 16 7 8 3 3 13 11 7 8 15 21 21 21 21 21 21 21 21 21 21 21 21 21 21 21 21 21 21 21 21 21 21 21 21 21 21 21 21 21 21 21 21 21 21 21 21 21 21 21 21 21 21 21 21 21 
16 8 13 7 11 3 11 16 3 7 3 16 8 7 15 15 21 21 21 21 21 21 21 21 21 21 21 21 21 21 21 21 21 21 21 21 21 21 21 21 21 21 21 21 21 21 21 21 21 21 21 21 21 21 21 21 21 21 21 21 21 
7 11 8 16 5 3 8 2 8 1 8 20 11 14 8 21 21 21 21 21 21 21 21 21 21 21 21 21 21 21 21 21 21 21 21 21 21 21 21 21 21 21 21 21 21 21 21 21 21 21 21 21 21 21 21 21 21 21 21 21 21 
11 17 13 8 9 3 17 9 17 3 2 18 16 13 11 9 21 21 21 21 21 21 21 21 21 21 21 21 21 21 21 21 21 21 21 21 21 21 21 21 21 21 21 21 21 21 21 21 21 21 21 21 21 21 21 21 21 21 21 21 21 
13 8 9 3 17 9 17 3 2 18 16 13 11 9 1 15 21 21 21 21 21 21 21 21 21 21 21 21 21 21 21 21 21 21 21 21 21 21 21 21 21 21 21 21 21 21 21 21 21 21 21 21 21 21 21 21 21 21 21 21 21 
10 4 20 4 7 13 5 13 13 7 1 3 13 4 1 13 21 21 21 21 21 21 21 21 21 21 21 21 21 21 21 21 21 21 21 21 21 21 21 21 21 21 21 21 21 21 21 21 21 21 21 21 21 21 21 21 21 21 21 21 21 
17 13 16 1 1 16 3 1 6 1 1 8 8 8 15 15 21 21 21 21 21 21 21 21 21 21 21 21 21 21 21 21 21 21 21 21 21 21 21 21 21 21 21 21 21 21 21 21 21 21 21 21 21 21 21 21 21 21 21 21 21 
8 8 15 15 17 13 16 1 1 16 3 1 6 1 1 8 21 21 21 21 21 21 21 21 21 21 21 21 21 21 21 21 21 21 21 21 21 21 21 21 21 21 21 21 21 21 21 21 21 21 21 21 21 21 21 21 21 21 21 21 21 
14 9 16 3 13 10 2 1 11 3 9 11 19 9 11 13 21 21 21 21 21 21 21 21 21 21 21 21 21 21 21 21 21 21 21 21 21 21 21 21 21 21 21 21 21 21 21 21 21 21 21 21 21 21 21 21 21 21 21 21 21 
3 13 10 2 1 11 3 9 11 19 9 11 13 18 20 3 21 21 21 21 21 21 21 21 21 21 21 21 21 21 21 21 21 21 21 21 21 21 21 21 21 21 21 21 21 21 21 21 21 21 21 21 21 21 21 21 21 21 21 21 21 
8 7 7 11 16 16 3 16 7 8 3 3 13 11 7 8 15 21 21 21 21 21 21 21 21 21 21 21 21 21 21 21 21 21 21 21 21 21 21 21 21 21 21 21 21 21 21 21 21 21 21 21 21 21 21 21 21 21 21 21 21 
1 15 13 8 4 15 3 15 16 8 13 8 4 15 3 15 13 21 21 21 21 21 21 21 21 21 21 21 21 21 21 21 21 21 21 21 21 21 21 21 21 21 21 21 21 21 21 21 21 21 21 21 21 21 21 21 21 21 21 21 21 
8 14 5 8 8 7 8 14 7 8 7 15 19 7 3 6 8 21 21 21 21 21 21 21 21 21 21 21 21 21 21 21 21 21 21 21 21 21 21 21 21 21 21 21 21 21 21 21 21 21 21 21 21 21 21 21 21 21 21 21 21 
11 14 5 8 8 7 8 14 7 8 7 8 8 7 3 6 8 21 21 21 21 21 21 21 21 21 21 21 21 21 21 21 21 21 21 21 21 21 21 21 21 21 21 21 21 21 21 21 21 21 21 21 21 21 21 21 21 21 21 21 21 
8 14 5 8 8 7 8 14 7 8 7 15 19 7 3 6 8 21 21 21 21 21 21 21 21 21 21 21 21 21 21 21 21 21 21 21 21 21 21 21 21 21 21 21 21 21 21 21 21 21 21 21 21 21 21 21 21 21 21 21 21 
11 14 5 8 8 7 8 14 7 8 7 8 8 7 3 6 8 21 21 21 21 21 21 21 21 21 21 21 21 21 21 21 21 21 21 21 21 21 21 21 21 21 21 21 21 21 21 21 21 21 21 21 21 21 21 21 21 21 21 21 21 
8 14 5 8 8 7 8 14 7 8 7 15 19 7 3 6 8 21 21 21 21 21 21 21 21 21 21 21 21 21 21 21 21 21 21 21 21 21 21 21 21 21 21 21 21 21 21 21 21 21 21 21 21 21 21 21 21 21 21 21 21 
11 14 5 8 8 7 8 14 7 8 7 8 8 7 3 6 8 21 21 21 21 21 21 21 21 21 21 21 21 21 21 21 21 21 21 21 21 21 21 21 21 21 21 21 21 21 21 21 21 21 21 21 21 21 21 21 21 21 21 21 21 
13 13 9 2 17 16 8 13 7 8 6 13 13 8 8 13 15 21 21 21 21 21 21 21 21 21 21 21 21 21 21 21 21 21 21 21 21 21 21 21 21 21 21 21 21 21 21 21 21 21 21 21 21 21 21 21 21 21 21 21 21 
13 1 8 13 3 15 11 13 3 15 8 13 16 11 4 1 15 21 21 21 21 21 21 21 21 21 21 21 21 21 21 21 21 21 21 21 21 21 21 21 21 21 21 21 21 21 21 21 21 21 21 21 21 21 21 21 21 21 21 21 21 
16 3 13 10 2 1 11 3 9 11 19 9 11 13 18 20 3 21 21 21 21 21 21 21 21 21 21 21 21 21 21 21 21 21 21 21 21 21 21 21 21 21 21 21 21 21 21 21 21 21 21 21 21 21 21 21 21 21 21 21 21 
15 19 19 11 15 19 20 20 9 1 0 1 18 16 1 20 1 21 21 21 21 21 21 21 21 21 21 21 21 21 21 21 21 21 21 21 21 21 21 21 21 21 21 21 21 21 21 21 21 21 21 21 21 21 21 21 21 21 21 21 21 
13 1 7 13 3 19 11 13 3 7 7 13 16 11 4 1 15 21 21 21 21 21 21 21 21 21 21 21 21 21 21 21 21 21 21 21 21 21 21 21 21 21 21 21 21 21 21 21 21 21 21 21 21 21 21 21 21 21 21 21 21 
13 1 7 13 3 19 11 13 3 7 7 13 16 11 4 1 15 21 21 21 21 21 21 21 21 21 21 21 21 21 21 21 21 21 21 21 21 21 21 21 21 21 21 21 21 21 21 21 21 21 21 21 21 21 21 21 21 21 21 21 21 
13 1 7 13 3 19 11 13 3 7 7 13 16 11 4 1 15 21 21 21 21 21 21 21 21 21 21 21 21 21 21 21 21 21 21 21 21 21 21 21 21 21 21 21 21 21 21 21 21 21 21 21 21 21 21 21 21 21 21 21 21 
4 4 13 18 4 15 3 2 0 5 3 18 6 6 1 7 9 1 21 21 21 21 21 21 21 21 21 21 21 21 21 21 21 21 21 21 21 21 21 21 21 21 21 21 21 21 21 21 21 21 21 21 21 21 21 21 21 21 21 21 21 
11 17 13 8 9 3 17 9 17 3 2 18 16 13 11 9 1 15 21 21 21 21 21 21 21 21 21 21 21 21 21 21 21 21 21 21 21 21 21 21 21 21 21 21 21 21 21 21 21 21 21 21 21 21 21 21 21 21 21 21 21 
11 17 8 13 3 9 17 9 17 3 2 18 16 13 11 9 1 15 21 21 21 21 21 21 21 21 21 21 21 21 21 21 21 21 21 21 21 21 21 21 21 21 21 21 21 21 21 21 21 21 21 21 21 21 21 21 21 21 21 21 21 
11 17 8 13 9 3 17 9 17 3 2 18 11 16 13 9 1 15 21 21 21 21 21 21 21 21 21 21 21 21 21 21 21 21 21 21 21 21 21 21 21 21 21 21 21 21 21 21 21 21 21 21 21 21 21 21 21 21 21 21 21 
9 17 13 15 4 1 6 9 15 16 4 18 15 13 15 18 4 1 21 21 21 21 21 21 21 21 21 21 21 21 21 21 21 21 21 21 21 21 21 21 21 21 21 21 21 21 21 21 21 21 21 21 21 21 21 21 21 21 21 21 21 
15 1 9 11 13 16 18 2 3 17 9 17 3 9 8 13 17 11 21 21 21 21 21 21 21 21 21 21 21 21 21 21 21 21 21 21 21 21 21 21 21 21 21 21 21 21 21 21 21 21 21 21 21 21 21 21 21 21 21 21 21 
15 1 9 11 13 16 18 2 3 17 9 17 3 9 8 13 17 11 21 21 21 21 21 21 21 21 21 21 21 21 21 21 21 21 21 21 21 21 21 21 21 21 21 21 21 21 21 21 21 21 21 21 21 21 21 21 21 21 21 21 21 
15 17 13 2 8 3 17 11 17 3 11 9 16 13 9 9 1 18 21 21 21 21 21 21 21 21 21 21 21 21 21 21 21 21 21 21 21 21 21 21 21 21 21 21 21 21 21 21 21 21 21 21 21 21 21 21 21 21 21 21 21 
11 3 17 8 9 17 16 9 13 3 2 18 1 13 11 9 17 15 21 21 21 21 21 21 21 21 21 21 21 21 21 21 21 21 21 21 21 21 21 21 21 21 21 21 21 21 21 21 21 21 21 21 21 21 21 21 21 21 21 21 21 
11 17 13 8 9 16 17 9 17 3 2 14 16 13 14 9 1 15 21 21 21 21 21 21 21 21 21 21 21 21 21 21 21 21 21 21 21 21 21 21 21 21 21 21 21 21 21 21 21 21 21 21 21 21 21 21 21 21 21 21 21 
11 17 13 8 9 16 17 9 17 16 2 14 3 13 14 9 1 15 21 21 21 21 21 21 21 21 21 21 21 21 21 21 21 21 21 21 21 21 21 21 21 21 21 21 21 21 21 21 21 21 21 21 21 21 21 21 21 21 21 21 21 
9 17 13 8 3 3 17 9 17 16 2 11 16 16 11 9 1 15 21 21 21 21 21 21 21 21 21 21 21 21 21 21 21 21 21 21 21 21 21 21 21 21 21 21 21 21 21 21 21 21 21 21 21 21 21 21 21 21 21 21 21 
11 17 13 17 18 16 17 9 17 16 13 0 16 13 11 9 1 15 21 21 21 21 21 21 21 21 21 21 21 21 21 21 21 21 21 21 21 21 21 21 21 21 21 21 21 21 21 21 21 21 21 21 21 21 21 21 21 21 21 21 21 
14 17 13 8 4 3 17 9 17 16 2 14 4 13 14 9 1 15 21 21 21 21 21 21 21 21 21 21 21 21 21 21 21 21 21 21 21 21 21 21 21 21 21 21 21 21 21 21 21 21 21 21 21 21 21 21 21 21 21 21 21 
11 17 13 8 9 16 17 9 17 16 2 14 16 13 11 9 1 15 21 21 21 21 21 21 21 21 21 21 21 21 21 21 21 21 21 21 21 21 21 21 21 21 21 21 21 21 21 21 21 21 21 21 21 21 21 21 21 21 21 21 21 
11 17 13 8 9 3 17 9 17 3 11 18 16 13 11 9 1 15 21 21 21 21 21 21 21 21 21 21 21 21 21 21 21 21 21 21 21 21 21 21 21 21 21 21 21 21 21 21 21 21 21 21 21 21 21 21 21 21 21 21 21 
11 17 13 8 9 3 17 9 17 3 8 18 16 13 11 9 1 15 21 21 21 21 21 21 21 21 21 21 21 21 21 21 21 21 21 21 21 21 21 21 21 21 21 21 21 21 21 21 21 21 21 21 21 21 21 21 21 21 21 21 21 
11 17 13 8 9 3 17 9 17 3 18 18 16 13 11 9 1 15 21 21 21 21 21 21 21 21 21 21 21 21 21 21 21 21 21 21 21 21 21 21 21 21 21 21 21 21 21 21 21 21 21 21 21 21 21 21 21 21 21 21 21 
11 17 13 9 9 3 17 9 17 3 2 18 16 13 11 9 1 18 21 21 21 21 21 21 21 21 21 21 21 21 21 21 21 21 21 21 21 21 21 21 21 21 21 21 21 21 21 21 21 21 21 21 21 21 21 21 21 21 21 21 21 
11 17 13 8 9 3 17 9 17 3 2 18 16 13 11 9 1 15 21 21 21 21 21 21 21 21 21 21 21 21 21 21 21 21 21 21 21 21 21 21 21 21 21 21 21 21 21 21 21 21 21 21 21 21 21 21 21 21 21 21 21 
11 17 13 8 9 3 17 9 17 3 2 15 16 13 11 9 1 15 21 21 21 21 21 21 21 21 21 21 21 21 21 21 21 21 21 21 21 21 21 21 21 21 21 21 21 21 21 21 21 21 21 21 21 21 21 21 21 21 21 21 21 
11 17 13 9 8 3 17 8 17 3 2 15 16 13 11 8 1 18 21 21 21 21 21 21 21 21 21 21 21 21 21 21 21 21 21 21 21 21 21 21 21 21 21 21 21 21 21 21 21 21 21 21 21 21 21 21 21 21 21 21 21 
11 17 13 8 9 3 17 8 17 3 2 15 16 13 11 8 1 15 21 21 21 21 21 21 21 21 21 21 21 21 21 21 21 21 21 21 21 21 21 21 21 21 21 21 21 21 21 21 21 21 21 21 21 21 21 21 21 21 21 21 21 
11 17 13 8 8 3 17 8 17 3 2 15 16 13 11 8 1 15 21 21 21 21 21 21 21 21 21 21 21 21 21 21 21 21 21 21 21 21 21 21 21 21 21 21 21 21 21 21 21 21 21 21 21 21 21 21 21 21 21 21 21 
10 4 20 4 7 13 5 13 13 7 1 3 13 4 1 13 7 17 21 21 21 21 21 21 21 21 21 21 21 21 21 21 21 21 21 21 21 21 21 21 21 21 21 21 21 21 21 21 21 21 21 21 21 21 21 21 21 21 21 21 21 
7 13 5 13 13 7 1 3 13 4 1 13 7 17 3 7 4 3 21 21 21 21 21 21 21 21 21 21 21 21 21 21 21 21 21 21 21 21 21 21 21 21 21 21 21 21 21 21 21 21 21 21 21 21 21 21 21 21 21 21 21 
13 13 7 1 3 13 4 1 13 7 17 3 7 4 3 16 11 14 21 21 21 21 21 21 21 21 21 21 21 21 21 21 21 21 21 21 21 21 21 21 21 21 21 21 21 21 21 21 21 21 21 21 21 21 21 21 21 21 21 21 21 
1 3 13 4 1 13 7 17 3 7 4 3 16 11 14 4 13 19 21 21 21 21 21 21 21 21 21 21 21 21 21 21 21 21 21 21 21 21 21 21 21 21 21 21 21 21 21 21 21 21 21 21 21 21 21 21 21 21 21 21 21 
4 1 13 7 17 3 7 4 3 16 11 14 4 13 19 5 17 8 21 21 21 21 21 21 21 21 21 21 21 21 21 21 21 21 21 21 21 21 21 21 21 21 21 21 21 21 21 21 21 21 21 21 21 21 21 21 21 21 21 21 21 
7 17 3 7 4 3 16 11 14 4 13 19 5 17 8 3 6 11 21 21 21 21 21 21 21 21 21 21 21 21 21 21 21 21 21 21 21 21 21 21 21 21 21 21 21 21 21 21 21 21 21 21 21 21 21 21 21 21 21 21 21 
7 4 3 16 11 14 4 13 19 5 17 8 3 6 11 6 4 7 21 21 21 21 21 21 21 21 21 21 21 21 21 21 21 21 21 21 21 21 21 21 21 21 21 21 21 21 21 21 21 21 21 21 21 21 21 21 21 21 21 21 21 
16 11 14 4 13 19 5 17 8 3 6 11 6 4 7 9 20 3 21 21 21 21 21 21 21 21 21 21 21 21 21 21 21 21 21 21 21 21 21 21 21 21 21 21 21 21 21 21 21 21 21 21 21 21 21 21 21 21 21 21 21 
4 13 19 5 17 8 3 6 11 6 4 7 9 20 3 16 14 4 21 21 21 21 21 21 21 21 21 21 21 21 21 21 21 21 21 21 21 21 21 21 21 21 21 21 21 21 21 21 21 21 21 21 21 21 21 21 21 21 21 21 21 
4 7 4 13 10 1 4 17 13 13 13 7 13 5 7 3 1 20 21 21 21 21 21 21 21 21 21 21 21 21 21 21 21 21 21 21 21 21 21 21 21 21 21 21 21 21 21 21 21 21 21 21 21 21 21 21 21 21 21 21 21 
10 4 11 4 7 10 5 3 13 7 16 16 13 14 13 13 7 17 21 21 21 21 21 21 21 21 21 21 21 21 21 21 21 21 21 21 21 21 21 21 21 21 21 21 21 21 21 21 21 21 21 21 21 21 21 21 21 21 21 21 21 
10 4 20 11 7 13 5 13 13 7 1 11 10 4 13 13 7 17 21 21 21 21 21 21 21 21 21 21 21 21 21 21 21 21 21 21 21 21 21 21 21 21 21 21 21 21 21 21 21 21 21 21 21 21 21 21 21 21 21 21 21 
10 4 11 14 7 13 18 13 13 7 10 14 13 4 16 13 7 17 21 21 21 21 21 21 21 21 21 21 21 21 21 21 21 21 21 21 21 21 21 21 21 21 21 21 21 21 21 21 21 21 21 21 21 21 21 21 21 21 21 21 21 
4 7 9 9 5 7 13 9 15 2 16 19 20 11 15 18 15 21 21 21 21 21 21 21 21 21 21 21 21 21 21 21 21 21 21 21 21 21 21 21 21 21 21 21 21 21 21 21 21 21 21 21 21 21 21 21 21 21 21 21 21 
13 13 9 2 17 16 8 13 7 8 6 13 13 8 8 13 15 14 21 21 21 21 21 21 21 21 21 21 21 21 21 21 21 21 21 21 21 21 21 21 21 21 21 21 21 21 21 21 21 21 21 21 21 21 21 21 21 21 21 21 21 
13 9 2 17 16 8 13 7 8 6 13 13 8 8 13 15 14 19 21 21 21 21 21 21 21 21 21 21 21 21 21 21 21 21 21 21 21 21 21 21 21 21 21 21 21 21 21 21 21 21 21 21 21 21 21 21 21 21 21 21 21 
9 2 17 16 8 13 7 8 6 13 13 8 8 13 15 14 19 1 21 21 21 21 21 21 21 21 21 21 21 21 21 21 21 21 21 21 21 21 21 21 21 21 21 21 21 21 21 21 21 21 21 21 21 21 21 21 21 21 21 21 21 
2 17 16 8 13 7 8 6 13 13 8 8 13 15 14 19 1 14 21 21 21 21 21 21 21 21 21 21 21 21 21 21 21 21 21 21 21 21 21 21 21 21 21 21 21 21 21 21 21 21 21 21 21 21 21 21 21 21 21 21 21 
17 16 8 13 7 8 6 13 13 8 8 13 15 14 19 1 14 8 21 21 21 21 21 21 21 21 21 21 21 21 21 21 21 21 21 21 21 21 21 21 21 21 21 21 21 21 21 21 21 21 21 21 21 21 21 21 21 21 21 21 21 
16 8 13 7 8 6 13 13 8 8 13 15 14 19 1 14 8 13 21 21 21 21 21 21 21 21 21 21 21 21 21 21 21 21 21 21 21 21 21 21 21 21 21 21 21 21 21 21 21 21 21 21 21 21 21 21 21 21 21 21 21 
3 19 18 11 11 18 13 14 13 5 18 13 13 7 18 18 8 8 21 21 21 21 21 21 21 21 21 21 21 21 21 21 21 21 21 21 21 21 21 21 21 21 21 21 21 21 21 21 21 21 21 21 21 21 21 21 21 21 21 21 21 
11 17 13 8 9 3 17 9 17 3 2 18 16 13 11 9 1 15 21 21 21 21 21 21 21 21 21 21 21 21 21 21 21 21 21 21 21 21 21 21 21 21 21 21 21 21 21 21 21 21 21 21 21 21 21 21 21 21 21 21 21 
11 17 13 8 9 13 17 9 17 3 2 18 16 13 11 9 1 15 21 21 21 21 21 21 21 21 21 21 21 21 21 21 21 21 21 21 21 21 21 21 21 21 21 21 21 21 21 21 21 21 21 21 21 21 21 21 21 21 21 21 21 
11 17 13 8 9 3 17 9 17 13 2 18 16 13 11 9 1 15 21 21 21 21 21 21 21 21 21 21 21 21 21 21 21 21 21 21 21 21 21 21 21 21 21 21 21 21 21 21 21 21 21 21 21 21 21 21 21 21 21 21 21 
11 17 13 8 9 3 17 9 17 3 2 18 13 13 11 9 1 15 21 21 21 21 21 21 21 21 21 21 21 21 21 21 21 21 21 21 21 21 21 21 21 21 21 21 21 21 21 21 21 21 21 21 21 21 21 21 21 21 21 21 21 
11 17 13 8 9 13 17 9 17 13 2 18 16 13 11 9 1 15 21 21 21 21 21 21 21 21 21 21 21 21 21 21 21 21 21 21 21 21 21 21 21 21 21 21 21 21 21 21 21 21 21 21 21 21 21 21 21 21 21 21 21 
11 17 13 8 9 13 17 9 17 3 2 18 13 13 11 9 1 15 21 21 21 21 21 21 21 21 21 21 21 21 21 21 21 21 21 21 21 21 21 21 21 21 21 21 21 21 21 21 21 21 21 21 21 21 21 21 21 21 21 21 21 
11 17 13 8 9 3 17 9 17 13 2 18 13 13 11 9 1 15 21 21 21 21 21 21 21 21 21 21 21 21 21 21 21 21 21 21 21 21 21 21 21 21 21 21 21 21 21 21 21 21 21 21 21 21 21 21 21 21 21 21 21 
11 17 13 8 9 13 17 9 17 13 2 18 13 13 11 9 1 15 21 21 21 21 21 21 21 21 21 21 21 21 21 21 21 21 21 21 21 21 21 21 21 21 21 21 21 21 21 21 21 21 21 21 21 21 21 21 21 21 21 21 21 
11 17 13 8 9 3 17 9 17 13 2 18 16 13 11 9 1 15 21 21 21 21 21 21 21 21 21 21 21 21 21 21 21 21 21 21 21 21 21 21 21 21 21 21 21 21 21 21 21 21 21 21 21 21 21 21 21 21 21 21 21 
11 17 13 8 9 3 17 9 17 16 2 18 16 13 11 9 1 15 21 21 21 21 21 21 21 21 21 21 21 21 21 21 21 21 21 21 21 21 21 21 21 21 21 21 21 21 21 21 21 21 21 21 21 21 21 21 21 21 21 21 21 
11 17 13 8 9 3 17 9 17 4 2 18 16 13 11 9 1 15 21 21 21 21 21 21 21 21 21 21 21 21 21 21 21 21 21 21 21 21 21 21 21 21 21 21 21 21 21 21 21 21 21 21 21 21 21 21 21 21 21 21 21 
11 17 13 8 9 3 17 9 17 7 2 18 16 13 11 9 1 15 21 21 21 21 21 21 21 21 21 21 21 21 21 21 21 21 21 21 21 21 21 21 21 21 21 21 21 21 21 21 21 21 21 21 21 21 21 21 21 21 21 21 21 
11 17 13 8 9 3 17 9 17 11 2 18 16 13 11 9 1 15 21 21 21 21 21 21 21 21 21 21 21 21 21 21 21 21 21 21 21 21 21 21 21 21 21 21 21 21 21 21 21 21 21 21 21 21 21 21 21 21 21 21 21 
11 17 13 8 9 3 17 9 17 18 2 18 16 13 11 9 1 15 21 21 21 21 21 21 21 21 21 21 21 21 21 21 21 21 21 21 21 21 21 21 21 21 21 21 21 21 21 21 21 21 21 21 21 21 21 21 21 21 21 21 21 
11 17 13 8 9 3 17 9 17 15 2 18 16 13 11 9 1 15 21 21 21 21 21 21 21 21 21 21 21 21 21 21 21 21 21 21 21 21 21 21 21 21 21 21 21 21 21 21 21 21 21 21 21 21 21 21 21 21 21 21 21 
14 13 15 19 3 1 15 13 19 13 7 3 20 3 14 20 1 8 21 21 21 21 21 21 21 21 21 21 21 21 21 21 21 21 21 21 21 21 21 21 21 21 21 21 21 21 21 21 21 21 21 21 21 21 21 21 21 21 21 21 21 
8 7 7 8 13 2 6 2 8 8 8 1 2 16 2 16 7 8 21 21 21 21 21 21 21 21 21 21 21 21 21 21 21 21 21 21 21 21 21 21 21 21 21 21 21 21 21 21 21 21 21 21 21 21 21 21 21 21 21 21 21 
9 16 3 13 10 2 1 11 3 9 11 19 9 11 13 18 20 3 21 21 21 21 21 21 21 21 21 21 21 21 21 21 21 21 21 21 21 21 21 21 21 21 21 21 21 21 21 21 21 21 21 21 21 21 21 21 21 21 21 21 21 
19 19 4 14 0 14 3 4 9 8 20 0 14 19 1 11 9 16 21 21 21 21 21 21 21 21 21 21 21 21 21 21 21 21 21 21 21 21 21 21 21 21 21 21 21 21 21 21 21 21 21 21 21 21 21 21 21 21 21 21 21 
15 19 19 11 15 19 20 20 9 1 0 1 18 16 1 20 1 16 21 21 21 21 21 21 21 21 21 21 21 21 21 21 21 21 21 21 21 21 21 21 21 21 21 21 21 21 21 21 21 21 21 21 21 21 21 21 21 21 21 21 21 
7 16 1 16 1 20 7 14 11 17 1 3 14 5 8 20 1 1 11 21 21 21 21 21 21 21 21 21 21 21 21 21 21 21 21 21 21 21 21 21 21 21 21 21 21 21 21 21 21 21 21 21 21 21 21 21 21 21 21 21 21 
7 6 1 16 5 9 9 7 18 17 15 1 14 7 11 11 6 6 6 21 21 21 21 21 21 21 21 21 21 21 21 21 21 21 21 21 21 21 21 21 21 21 21 21 21 21 21 21 21 21 21 21 21 21 21 21 21 21 21 21 21 
7 11 17 13 8 9 3 17 9 17 3 2 18 16 13 11 9 1 15 21 21 21 21 21 21 21 21 21 21 21 21 21 21 21 21 21 21 21 21 21 21 21 21 21 21 21 21 21 21 21 21 21 21 21 21 21 21 21 21 21 21 
11 17 13 8 9 3 17 9 17 3 2 18 16 13 11 9 1 15 14 21 21 21 21 21 21 21 21 21 21 21 21 21 21 21 21 21 21 21 21 21 21 21 21 21 21 21 21 21 21 21 21 21 21 21 21 21 21 21 21 21 21 
7 13 4 11 14 13 14 8 17 4 0 6 20 4 13 3 8 4 1 21 21 21 21 21 21 21 21 21 21 21 21 21 21 21 21 21 21 21 21 21 21 21 21 21 21 21 21 21 21 21 21 21 21 21 21 21 21 21 21 21 21 
8 5 10 8 4 17 7 5 9 6 5 0 7 7 10 7 6 11 2 21 21 21 21 21 21 21 21 21 21 21 21 21 21 21 21 21 21 21 21 21 21 21 21 21 21 21 21 21 21 21 21 21 21 21 21 21 21 21 21 21 21 
13 13 9 2 17 16 8 13 7 8 6 13 13 8 8 13 15 14 19 21 21 21 21 21 21 21 21 21 21 21 21 21 21 21 21 21 21 21 21 21 21 21 21 21 21 21 21 21 21 21 21 21 21 21 21 21 21 21 21 21 21 
14 9 16 3 13 10 2 1 11 3 9 11 19 9 11 13 18 20 3 21 21 21 21 21 21 21 21 21 21 21 21 21 21 21 21 21 21 21 21 21 21 21 21 21 21 21 21 21 21 21 21 21 21 21 21 21 21 21 21 21 21 
2 11 3 18 13 11 9 3 19 13 11 16 9 1 20 14 10 3 9 21 21 21 21 21 21 21 21 21 21 21 21 21 21 21 21 21 21 21 21 21 21 21 21 21 21 21 21 21 21 21 21 21 21 21 21 21 21 21 21 21 21 
4 9 16 3 13 10 2 1 11 3 9 11 19 9 11 13 18 20 3 21 21 21 21 21 21 21 21 21 21 21 21 21 21 21 21 21 21 21 21 21 21 21 21 21 21 21 21 21 21 21 21 21 21 21 21 21 21 21 21 21 21 
14 4 16 3 13 10 2 1 11 3 9 11 19 9 11 13 18 20 3 21 21 21 21 21 21 21 21 21 21 21 21 21 21 21 21 21 21 21 21 21 21 21 21 21 21 21 21 21 21 21 21 21 21 21 21 21 21 21 21 21 21 
14 9 4 3 13 10 2 1 11 3 9 11 19 9 11 13 18 20 3 21 21 21 21 21 21 21 21 21 21 21 21 21 21 21 21 21 21 21 21 21 21 21 21 21 21 21 21 21 21 21 21 21 21 21 21 21 21 21 21 21 21 
14 9 16 4 13 10 2 1 11 3 9 11 19 9 11 13 18 20 3 21 21 21 21 21 21 21 21 21 21 21 21 21 21 21 21 21 21 21 21 21 21 21 21 21 21 21 21 21 21 21 21 21 21 21 21 21 21 21 21 21 21 
14 9 16 3 4 10 2 1 11 3 9 11 19 9 11 13 18 20 3 21 21 21 21 21 21 21 21 21 21 21 21 21 21 21 21 21 21 21 21 21 21 21 21 21 21 21 21 21 21 21 21 21 21 21 21 21 21 21 21 21 21 
14 9 16 3 13 4 2 1 11 3 9 11 19 9 11 13 18 20 3 21 21 21 21 21 21 21 21 21 21 21 21 21 21 21 21 21 21 21 21 21 21 21 21 21 21 21 21 21 21 21 21 21 21 21 21 21 21 21 21 21 21 
14 9 16 3 13 10 4 1 11 3 9 11 19 9 11 13 18 20 3 21 21 21 21 21 21 21 21 21 21 21 21 21 21 21 21 21 21 21 21 21 21 21 21 21 21 21 21 21 21 21 21 21 21 21 21 21 21 21 21 21 21 
14 9 16 3 13 10 2 4 11 3 9 11 19 9 11 13 18 20 3 21 21 21 21 21 21 21 21 21 21 21 21 21 21 21 21 21 21 21 21 21 21 21 21 21 21 21 21 21 21 21 21 21 21 21 21 21 21 21 21 21 21 
14 9 16 3 13 10 2 1 4 3 9 11 19 9 11 13 18 20 3 21 21 21 21 21 21 21 21 21 21 21 21 21 21 21 21 21 21 21 21 21 21 21 21 21 21 21 21 21 21 21 21 21 21 21 21 21 21 21 21 21 21 
14 9 16 3 13 10 2 1 11 4 9 11 19 9 11 13 18 20 3 21 21 21 21 21 21 21 21 21 21 21 21 21 21 21 21 21 21 21 21 21 21 21 21 21 21 21 21 21 21 21 21 21 21 21 21 21 21 21 21 21 21 
14 9 16 3 13 10 2 1 11 3 4 11 19 9 11 13 18 20 3 21 21 21 21 21 21 21 21 21 21 21 21 21 21 21 21 21 21 21 21 21 21 21 21 21 21 21 21 21 21 21 21 21 21 21 21 21 21 21 21 21 21 
14 9 16 3 13 10 2 1 11 3 9 4 19 9 11 13 18 20 3 21 21 21 21 21 21 21 21 21 21 21 21 21 21 21 21 21 21 21 21 21 21 21 21 21 21 21 21 21 21 21 21 21 21 21 21 21 21 21 21 21 21 
14 9 16 3 13 10 2 1 11 3 9 11 4 9 11 13 18 20 3 21 21 21 21 21 21 21 21 21 21 21 21 21 21 21 21 21 21 21 21 21 21 21 21 21 21 21 21 21 21 21 21 21 21 21 21 21 21 21 21 21 21 
14 9 16 3 13 10 2 1 11 3 9 11 19 4 11 13 18 20 3 21 21 21 21 21 21 21 21 21 21 21 21 21 21 21 21 21 21 21 21 21 21 21 21 21 21 21 21 21 21 21 21 21 21 21 21 21 21 21 21 21 21 
14 9 16 3 13 10 2 1 11 3 9 11 19 9 4 13 18 20 3 21 21 21 21 21 21 21 21 21 21 21 21 21 21 21 21 21 21 21 21 21 21 21 21 21 21 21 21 21 21 21 21 21 21 21 21 21 21 21 21 21 21 
14 9 16 3 13 10 2 1 11 3 9 11 19 9 11 4 18 20 3 21 21 21 21 21 21 21 21 21 21 21 21 21 21 21 21 21 21 21 21 21 21 21 21 21 21 21 21 21 21 21 21 21 21 21 21 21 21 21 21 21 21 
14 9 16 3 13 10 2 1 11 3 9 11 19 9 11 13 4 20 3 21 21 21 21 21 21 21 21 21 21 21 21 21 21 21 21 21 21 21 21 21 21 21 21 21 21 21 21 21 21 21 21 21 21 21 21 21 21 21 21 21 21 
14 9 16 3 13 10 2 1 11 3 9 11 19 9 11 13 18 4 3 21 21 21 21 21 21 21 21 21 21 21 21 21 21 21 21 21 21 21 21 21 21 21 21 21 21 21 21 21 21 21 21 21 21 21 21 21 21 21 21 21 21 
14 9 16 3 13 10 2 1 11 3 9 11 19 9 11 13 18 20 4 21 21 21 21 21 21 21 21 21 21 21 21 21 21 21 21 21 21 21 21 21 21 21 21 21 21 21 21 21 21 21 21 21 21 21 21 21 21 21 21 21 21 
8 8 15 15 4 4 16 4 13 13 19 4 16 13 13 4 13 13 4 19 21 21 21 21 21 21 21 21 21 21 21 21 21 21 21 21 21 21 21 21 21 21 21 21 21 21 21 21 21 21 21 21 21 21 21 21 21 21 21 21 21 
8 8 13 0 13 18 19 4 1 13 19 6 11 16 15 4 0 18 2 2 21 21 21 21 21 21 21 21 21 21 21 21 21 21 21 21 21 21 21 21 21 21 21 21 21 21 21 21 21 21 21 21 21 21 21 21 21 21 21 21 21 
15 16 13 14 14 7 13 19 4 13 3 11 17 3 15 8 15 8 5 5 21 21 21 21 21 21 21 21 21 21 21 21 21 21 21 21 21 21 21 21 21 21 21 21 21 21 21 21 21 21 21 21 21 21 21 21 21 21 21 21 21 
8 8 15 15 4 4 16 4 13 13 19 4 16 13 13 4 13 13 4 19 21 21 21 21 21 21 21 21 21 21 21 21 21 21 21 21 21 21 21 21 21 21 21 21 21 21 21 21 21 21 21 21 21 21 21 21 21 21 21 21 21 
11 7 11 17 13 8 9 3 17 9 17 3 2 18 16 13 11 9 1 15 21 21 21 21 21 21 21 21 21 21 21 21 21 21 21 21 21 21 21 21 21 21 21 21 21 21 21 21 21 21 21 21 21 21 21 21 21 21 21 21 21 
11 17 13 8 9 3 17 9 17 3 2 18 16 13 11 9 1 15 14 17 21 21 21 21 21 21 21 21 21 21 21 21 21 21 21 21 21 21 21 21 21 21 21 21 21 21 21 21 21 21 21 21 21 21 21 21 21 21 21 21 21 
4 4 0 13 3 9 4 13 6 4 18 1 13 7 7 8 16 13 14 14 21 21 21 21 21 21 21 21 21 21 21 21 21 21 21 21 21 21 21 21 21 21 21 21 21 21 21 21 21 21 21 21 21 21 21 21 21 21 21 21 21 
1 17 1 14 13 3 15 14 5 4 15 5 19 4 8 6 8 8 1 2 21 21 21 21 21 21 21 21 21 21 21 21 21 21 21 21 21 21 21 21 21 21 21 21 21 21 21 21 21 21 21 21 21 21 21 21 21 21 21 21 21 
10 4 20 4 7 13 5 13 13 7 1 3 13 4 1 13 7 17 3 7 21 21 21 21 21 21 21 21 21 21 21 21 21 21 21 21 21 21 21 21 21 21 21 21 21 21 21 21 21 21 21 21 21 21 21 21 21 21 21 21 21 
2 17 16 8 13 7 8 6 13 13 8 8 13 15 14 19 1 14 8 13 21 21 21 21 21 21 21 21 21 21 21 21 21 21 21 21 21 21 21 21 21 21 21 21 21 21 21 21 21 21 21 21 21 21 21 21 21 21 21 21 21 
19 14 14 1 10 13 15 6 9 18 20 7 14 3 14 9 4 16 9 2 21 21 21 21 21 21 21 21 21 21 21 21 21 21 21 21 21 21 21 21 21 21 21 21 21 21 21 21 21 21 21 21 21 21 21 21 21 21 21 21 21 
6 5 9 16 20 2 14 9 16 11 14 4 3 0 4 9 5 13 14 19 21 21 21 21 21 21 21 21 21 21 21 21 21 21 21 21 21 21 21 21 21 21 21 21 21 21 21 21 21 21 21 21 21 21 21 21 21 21 21 21 21 
5 6 7 11 1 2 14 5 13 20 8 4 13 11 7 3 4 4 18 5 21 21 21 21 21 21 21 21 21 21 21 21 21 21 21 21 21 21 21 21 21 21 21 21 21 21 21 21 21 21 21 21 21 21 21 21 21 21 21 21 21 
3 5 15 18 3 9 8 13 20 18 16 4 15 20 13 20 18 11 13 3 21 21 21 21 21 21 21 21 21 21 21 21 21 21 21 21 21 21 21 21 21 21 21 21 21 21 21 21 21 21 21 21 21 21 21 21 21 21 21 21 21 
1 17 1 14 13 3 15 14 5 4 15 5 19 4 8 6 8 8 1 2 21 21 21 21 21 21 21 21 21 21 21 21 21 21 21 21 21 21 21 21 21 21 21 21 21 21 21 21 21 21 21 21 21 21 21 21 21 21 21 21 21 
8 8 15 15 4 4 16 4 13 13 19 4 16 13 13 4 13 13 4 19 21 21 21 21 21 21 21 21 21 21 21 21 21 21 21 21 21 21 21 21 21 21 21 21 21 21 21 21 21 21 21 21 21 21 21 21 21 21 21 21 21 
8 8 15 15 4 4 16 4 13 13 19 4 16 13 13 4 13 13 4 19 21 21 21 21 21 21 21 21 21 21 21 21 21 21 21 21 21 21 21 21 21 21 21 21 21 21 21 21 21 21 21 21 21 21 21 21 21 21 21 21 21 
4 13 9 15 13 18 18 11 20 11 15 13 9 15 16 20 16 15 13 14 21 21 21 21 21 21 21 21 21 21 21 21 21 21 21 21 21 21 21 21 21 21 21 21 21 21 21 21 21 21 21 21 21 21 21 21 21 21 21 21 21 
4 13 9 15 4 18 18 11 20 11 15 13 9 15 16 20 16 15 13 14 21 21 21 21 21 21 21 21 21 21 21 21 21 21 21 21 21 21 21 21 21 21 21 21 21 21 21 21 21 21 21 21 21 21 21 21 21 21 21 21 21 
4 13 9 15 4 18 18 11 20 11 15 4 9 15 16 20 16 15 13 14 21 21 21 21 21 21 21 21 21 21 21 21 21 21 21 21 21 21 21 21 21 21 21 21 21 21 21 21 21 21 21 21 21 21 21 21 21 21 21 21 21 
1 13 5 9 11 15 4 18 13 18 15 4 8 15 3 13 11 18 16 7 21 21 21 21 21 21 21 21 21 21 21 21 21 21 21 21 21 21 21 21 21 21 21 21 21 21 21 21 21 21 21 21 21 21 21 21 21 21 21 21 21 
1 15 16 15 4 15 16 15 4 15 16 15 4 15 16 15 4 15 15 15 15 21 21 21 21 21 21 21 21 21 21 21 21 21 21 21 21 21 21 21 21 21 21 21 21 21 21 21 21 21 21 21 21 21 21 21 21 21 21 21 21 
19 13 11 19 19 13 8 20 14 0 19 5 4 10 5 17 20 11 14 14 1 21 21 21 21 21 21 21 21 21 21 21 21 21 21 21 21 21 21 21 21 21 21 21 21 21 21 21 21 21 21 21 21 21 21 21 21 21 21 21 21 
13 19 8 8 13 0 13 18 19 4 1 13 19 6 11 16 15 4 0 18 2 21 21 21 21 21 21 21 21 21 21 21 21 21 21 21 21 21 21 21 21 21 21 21 21 21 21 21 21 21 21 21 21 21 21 21 21 21 21 21 21 
16 13 9 13 3 6 11 13 0 15 5 3 20 8 7 13 15 15 3 16 13 21 21 21 21 21 21 21 21 21 21 21 21 21 21 21 21 21 21 21 21 21 21 21 21 21 21 21 21 21 21 21 21 21 21 21 21 21 21 21 21 
2 3 8 13 5 4 18 4 1 5 4 8 13 15 11 17 1 18 19 13 16 21 21 21 21 21 21 21 21 21 21 21 21 21 21 21 21 21 21 21 21 21 21 21 21 21 21 21 21 21 21 21 21 21 21 21 21 21 21 21 21 
13 13 9 2 17 16 8 13 7 8 6 13 13 8 8 13 15 14 19 1 14 21 21 21 21 21 21 21 21 21 21 21 21 21 21 21 21 21 21 21 21 21 21 21 21 21 21 21 21 21 21 21 21 21 21 21 21 21 21 21 21 
5 13 5 15 17 18 9 17 16 8 17 3 7 20 3 19 5 6 13 15 7 21 21 21 21 21 21 21 21 21 21 21 21 21 21 21 21 21 21 21 21 21 21 21 21 21 21 21 21 21 21 21 21 21 21 21 21 21 21 21 21 
15 4 4 15 15 4 4 15 4 4 15 15 4 4 15 17 4 15 15 4 4 21 21 21 21 21 21 21 21 21 21 21 21 21 21 21 21 21 21 21 21 21 21 21 21 21 21 21 21 21 21 21 21 21 21 21 21 21 21 21 21 
4 15 15 4 4 15 15 4 15 15 4 4 15 15 4 15 15 4 4 15 15 21 21 21 21 21 21 21 21 21 21 21 21 21 21 21 21 21 21 21 21 21 21 21 21 21 21 21 21 21 21 21 21 21 21 21 21 21 21 21 21 
4 15 15 4 4 15 15 4 15 15 4 4 15 15 4 15 15 17 4 15 15 21 21 21 21 21 21 21 21 21 21 21 21 21 21 21 21 21 21 21 21 21 21 21 21 21 21 21 21 21 21 21 21 21 21 21 21 21 21 21 21 
4 15 15 4 17 15 15 4 15 15 4 4 15 15 4 15 15 17 4 15 15 21 21 21 21 21 21 21 21 21 21 21 21 21 21 21 21 21 21 21 21 21 21 21 21 21 21 21 21 21 21 21 21 21 21 21 21 21 21 21 21 
4 8 8 4 17 8 8 4 8 8 4 4 8 8 4 8 8 4 4 8 8 21 21 21 21 21 21 21 21 21 21 21 21 21 21 21 21 21 21 21 21 21 21 21 21 21 21 21 21 21 21 21 21 21 21 21 21 21 21 21 21 
4 8 8 4 15 8 8 4 8 8 4 4 8 8 4 8 8 15 4 8 8 21 21 21 21 21 21 21 21 21 21 21 21 21 21 21 21 21 21 21 21 21 21 21 21 21 21 21 21 21 21 21 21 21 21 21 21 21 21 21 21 
4 8 8 4 15 8 8 4 8 8 4 15 8 8 4 8 8 15 15 8 8 21 21 21 21 21 21 21 21 21 21 21 21 21 21 21 21 21 21 21 21 21 21 21 21 21 21 21 21 21 21 21 21 21 21 21 21 21 21 21 21 
1 13 9 11 15 4 18 13 18 15 4 8 15 3 13 11 18 16 7 8 17 6 21 21 21 21 21 21 21 21 21 21 21 21 21 21 21 21 21 21 21 21 21 21 21 21 21 21 21 21 21 21 21 21 21 21 21 21 21 21 21 
13 19 8 8 13 0 13 18 19 4 1 13 19 6 11 16 15 4 0 18 2 2 21 21 21 21 21 21 21 21 21 21 21 21 21 21 21 21 21 21 21 21 21 21 21 21 21 21 21 21 21 21 21 21 21 21 21 21 21 21 21 
7 6 0 13 10 11 1 19 5 4 4 19 0 7 16 16 1 13 0 16 14 17 21 21 21 21 21 21 21 21 21 21 21 21 21 21 21 21 21 21 21 21 21 21 21 21 21 21 21 21 21 21 21 21 21 21 21 21 21 21 21 
13 20 3 14 20 11 0 16 11 3 13 5 18 8 19 19 13 18 20 8 16 13 21 21 21 21 21 21 21 21 21 21 21 21 21 21 21 21 21 21 21 21 21 21 21 21 21 21 21 21 21 21 21 21 21 21 21 21 21 21 21 
2 16 8 13 4 11 0 13 8 15 13 8 15 8 13 13 8 9 4 9 9 13 21 21 21 21 21 21 21 21 21 21 21 21 21 21 21 21 21 21 21 21 21 21 21 21 21 21 21 21 21 21 21 21 21 21 21 21 21 21 21 
10 4 20 4 7 13 5 13 13 7 1 3 13 4 1 13 7 17 3 7 4 3 21 21 21 21 21 21 21 21 21 21 21 21 21 21 21 21 21 21 21 21 21 21 21 21 21 21 21 21 21 21 21 21 21 21 21 21 21 21 21 
13 9 2 17 16 8 13 7 8 6 13 13 8 8 13 15 14 19 1 14 8 13 21 21 21 21 21 21 21 21 21 21 21 21 21 21 21 21 21 21 21 21 21 21 21 21 21 21 21 21 21 21 21 21 21 21 21 21 21 21 21 
1 4 15 15 1 4 15 15 1 15 15 1 4 15 15 1 4 15 1 4 1 4 1 21 21 21 21 21 21 21 21 21 21 21 21 21 21 21 21 21 21 21 21 21 21 21 21 21 21 21 21 21 21 21 21 21 21 21 21 21 21 
1 13 1 4 1 8 3 1 15 8 16 1 15 15 1 8 15 13 1 15 8 4 1 21 21 21 21 21 21 21 21 21 21 21 21 21 21 21 21 21 21 21 21 21 21 21 21 21 21 21 21 21 21 21 21 21 21 21 21 21 21 
1 4 13 4 13 15 4 13 15 15 4 13 15 15 13 15 15 4 13 15 15 4 13 21 21 21 21 21 21 21 21 21 21 21 21 21 21 21 21 21 21 21 21 21 21 21 21 21 21 21 21 21 21 21 21 21 21 21 21 21 21 
1 4 3 4 3 15 4 3 15 15 4 3 15 15 3 15 15 4 3 15 15 4 3 21 21 21 21 21 21 21 21 21 21 21 21 21 21 21 21 21 21 21 21 21 21 21 21 21 21 21 21 21 21 21 21 21 21 21 21 21 21 
4 16 15 8 16 7 8 8 13 15 15 13 4 8 15 3 4 8 13 7 16 4 1 21 21 21 21 21 21 21 21 21 21 21 21 21 21 21 21 21 21 21 21 21 21 21 21 21 21 21 21 21 21 21 21 21 21 21 21 21 21 
5 13 18 11 13 14 9 8 18 13 13 13 13 3 4 8 15 14 2 7 11 16 18 21 21 21 21 21 21 21 21 21 21 21 21 21 21 21 21 21 21 21 21 21 21 21 21 21 21 21 21 21 21 21 21 21 21 21 21 21 21 
7 3 7 15 1 13 0 11 4 7 15 1 7 15 4 1 16 7 18 3 10 15 11 21 21 21 21 21 21 21 21 21 21 21 21 21 21 21 21 21 21 21 21 21 21 21 21 21 21 21 21 21 21 21 21 21 21 21 21 21 21 
7 3 7 15 1 13 0 11 4 15 15 1 7 15 4 1 16 7 18 3 10 20 11 21 21 21 21 21 21 21 21 21 21 21 21 21 21 21 21 21 21 21 21 21 21 21 21 21 21 21 21 21 21 21 21 21 21 21 21 21 21 
7 3 7 15 1 13 0 11 4 15 15 1 7 15 4 1 16 7 18 3 10 20 11 21 21 21 21 21 21 21 21 21 21 21 21 21 21 21 21 21 21 21 21 21 21 21 21 21 21 21 21 21 21 21 21 21 21 21 21 21 21 
2 1 13 20 3 14 20 11 0 16 11 3 13 5 18 8 19 19 13 18 20 8 16 21 21 21 21 21 21 21 21 21 21 21 21 21 21 21 21 21 21 21 21 21 21 21 21 21 21 21 21 21 21 21 21 21 21 21 21 21 21 
2 1 13 20 3 14 20 11 0 16 11 3 13 5 18 4 19 19 13 18 20 8 16 21 21 21 21 21 21 21 21 21 21 21 21 21 21 21 21 21 21 21 21 21 21 21 21 21 21 21 21 21 21 21 21 21 21 21 21 21 21 
2 1 13 20 3 14 20 11 0 16 11 3 13 5 18 4 19 19 13 18 20 4 16 21 21 21 21 21 21 21 21 21 21 21 21 21 21 21 21 21 21 21 21 21 21 21 21 21 21 21 21 21 21 21 21 21 21 21 21 21 21 
13 13 9 2 17 16 8 13 7 8 6 13 13 8 8 13 15 14 19 1 14 8 13 21 21 21 21 21 21 21 21 21 21 21 21 21 21 21 21 21 21 21 21 21 21 21 21 21 21 21 21 21 21 21 21 21 21 21 21 21 21 
4 13 5 18 13 13 7 5 17 13 15 9 7 7 19 11 11 7 8 19 19 19 11 21 21 21 21 21 21 21 21 21 21 21 21 21 21 21 21 21 21 21 21 21 21 21 21 21 21 21 21 21 21 21 21 21 21 21 21 21 21 
7 3 20 4 11 16 16 20 3 5 15 18 3 9 8 13 20 18 16 4 15 20 13 21 21 21 21 21 21 21 21 21 21 21 21 21 21 21 21 21 21 21 21 21 21 21 21 21 21 21 21 21 21 21 21 21 21 21 21 21 21 
2 13 8 16 8 13 4 11 0 13 8 15 13 8 15 8 13 13 8 9 4 9 9 13 21 21 21 21 21 21 21 21 21 21 21 21 21 21 21 21 21 21 21 21 21 21 21 21 21 21 21 21 21 21 21 21 21 21 21 21 21 
10 4 20 4 7 13 5 13 13 7 1 3 13 4 1 13 7 17 3 7 4 3 16 11 21 21 21 21 21 21 21 21 21 21 21 21 21 21 21 21 21 21 21 21 21 21 21 21 21 21 21 21 21 21 21 21 21 21 21 21 21 
11 3 11 20 4 13 20 15 13 18 18 11 20 8 20 13 9 15 16 20 16 15 13 14 21 21 21 21 21 21 21 21 21 21 21 21 21 21 21 21 21 21 21 21 21 21 21 21 21 21 21 21 21 21 21 21 21 21 21 21 21 
20 3 13 8 13 15 18 11 3 14 4 14 3 18 4 16 0 18 16 14 9 7 13 11 21 21 21 21 21 21 21 21 21 21 21 21 21 21 21 21 21 21 21 21 21 21 21 21 21 21 21 21 21 21 21 21 21 21 21 21 21 
1 8 1 15 3 15 1 8 13 15 1 8 1 15 4 8 1 15 1 8 4 15 1 8 4 21 21 21 21 21 21 21 21 21 21 21 21 21 21 21 21 21 21 21 21 21 21 21 21 21 21 21 21 21 21 21 21 21 21 21 21 
19 14 11 20 0 11 19 14 11 2 19 19 14 2 19 7 6 8 17 10 2 13 8 8 1 21 21 21 21 21 21 21 21 21 21 21 21 21 21 21 21 21 21 21 21 21 21 21 21 21 21 21 21 21 21 21 21 21 21 21 21 
11 9 0 11 18 11 3 5 15 15 1 5 13 10 15 18 0 16 20 15 3 7 16 9 11 21 21 21 21 21 21 21 21 21 21 21 21 21 21 21 21 21 21 21 21 21 21 21 21 21 21 21 21 21 21 21 21 21 21 21 21 
18 18 13 8 16 8 13 4 11 0 13 8 15 13 8 15 8 13 13 8 9 4 9 9 13 21 21 21 21 21 21 21 21 21 21 21 21 21 21 21 21 21 21 21 21 21 21 21 21 21 21 21 21 21 21 21 21 21 21 21 21 
1 4 16 7 13 8 4 3 15 8 4 13 15 15 13 8 8 7 16 8 15 16 4 15 9 13 21 21 21 21 21 21 21 21 21 21 21 21 21 21 21 21 21 21 21 21 21 21 21 21 21 21 21 21 21 21 21 21 21 21 21 
4 13 5 18 13 13 7 18 6 3 5 17 13 15 9 7 7 19 11 11 7 8 19 19 19 11 21 21 21 21 21 21 21 21 21 21 21 21 21 21 21 21 21 21 21 21 21 21 21 21 21 21 21 21 21 21 21 21 21 21 21 
2 14 18 18 0 3 16 4 14 18 13 16 3 5 18 10 6 3 15 3 20 16 15 20 11 19 21 21 21 21 21 21 21 21 21 21 21 21 21 21 21 21 21 21 21 21 21 21 21 21 21 21 21 21 21 21 21 21 21 21 21 
1 15 2 8 8 17 5 17 8 10 15 15 13 7 4 19 11 3 14 2 16 8 8 4 1 4 21 21 21 21 21 21 21 21 21 21 21 21 21 21 21 21 21 21 21 21 21 21 21 21 21 21 21 21 21 21 21 21 21 21 21 
1 13 4 4 4 8 3 4 15 8 16 4 15 15 4 8 15 13 4 15 8 4 4 8 15 8 15 21 21 21 21 21 21 21 21 21 21 21 21 21 21 21 21 21 21 21 21 21 21 21 21 21 21 21 21 21 21 21 21 21 21 
15 15 15 15 1 16 15 15 16 4 15 15 16 15 15 16 4 15 15 16 4 15 16 4 16 4 16 21 21 21 21 21 21 21 21 21 21 21 21 21 21 21 21 21 21 21 21 21 21 21 21 21 21 21 21 21 21 21 21 21 21 
15 8 15 8 1 4 15 15 1 13 8 1 13 8 15 16 3 8 1 13 15 8 1 3 8 8 1 21 21 21 21 21 21 21 21 21 21 21 21 21 21 21 21 21 21 21 21 21 21 21 21 21 21 21 21 21 21 21 21 21 21 
0 10 20 4 11 9 10 18 3 15 11 6 3 20 10 3 18 11 16 18 18 11 11 20 6 9 1 21 21 21 21 21 21 21 21 21 21 21 21 21 21 21 21 21 21 21 21 21 21 21 21 21 21 21 21 21 21 21 21 21 21 
3 5 15 18 3 9 8 13 20 18 16 4 15 20 13 20 18 11 13 3 9 13 5 18 13 7 15 21 21 21 21 21 21 21 21 21 21 21 21 21 21 21 21 21 21 21 21 21 21 21 21 21 21 21 21 21 21 21 21 21 21 
15 8 15 8 4 16 15 8 16 7 8 8 13 15 15 15 13 4 8 15 3 4 8 13 7 16 4 1 21 21 21 21 21 21 21 21 21 21 21 21 21 21 21 21 21 21 21 21 21 21 21 21 21 21 21 21 21 21 21 21 21 
8 17 10 16 17 8 0 17 1 0 8 13 8 13 19 6 20 19 7 15 20 15 5 20 5 5 17 19 21 21 21 21 21 21 21 21 21 21 21 21 21 21 21 21 21 21 21 21 21 21 21 21 21 21 21 21 21 21 21 21 21 
8 8 8 8 8 8 8 8 0 19 4 18 19 7 11 14 16 14 14 5 20 14 4 11 5 14 10 11 21 21 21 21 21 21 21 21 21 21 21 21 21 21 21 21 21 21 21 21 21 21 21 21 21 21 21 21 21 21 21 21 21 
16 8 13 4 11 0 13 8 15 13 8 15 8 13 13 8 9 4 9 9 13 5 15 8 13 4 16 6 21 21 21 21 21 21 21 21 21 21 21 21 21 21 21 21 21 21 21 21 21 21 21 21 21 21 21 21 21 21 21 21 21 
6 18 20 5 15 5 3 4 20 5 1 20 15 4 3 11 5 3 5 18 11 13 14 14 14 11 14 4 21 21 21 21 21 21 21 21 21 21 21 21 21 21 21 21 21 21 21 21 21 21 21 21 21 21 21 21 21 21 21 21 21 
8 3 3 13 7 5 2 3 15 8 18 4 18 4 4 3 18 5 3 1 8 14 15 6 20 9 11 0 21 21 21 21 21 21 21 21 21 21 21 21 21 21 21 21 21 21 21 21 21 21 21 21 21 21 21 21 21 21 21 21 21 
2 2 1 13 8 3 5 20 9 11 3 3 8 13 7 9 13 5 19 13 11 5 8 16 11 14 9 17 5 21 21 21 21 21 21 21 21 21 21 21 21 21 21 21 21 21 21 21 21 21 21 21 21 21 21 21 21 21 21 21 21 
2 16 8 13 4 11 0 13 8 15 13 8 15 8 13 13 8 9 4 9 9 13 5 15 8 13 4 16 6 21 21 21 21 21 21 21 21 21 21 21 21 21 21 21 21 21 21 21 21 21 21 21 21 21 21 21 21 21 21 21 21 
1 7 7 4 11 2 2 13 6 2 8 2 0 3 9 0 19 20 19 15 7 1 2 9 13 15 7 15 6 21 21 21 21 21 21 21 21 21 21 21 21 21 21 21 21 21 21 21 21 21 21 21 21 21 21 21 21 21 21 21 21 
4 17 9 1 7 11 13 7 7 16 1 14 11 3 7 15 4 13 0 5 16 1 7 4 3 6 7 4 4 21 21 21 21 21 21 21 21 21 21 21 21 21 21 21 21 21 21 21 21 21 21 21 21 21 21 21 21 21 21 21 21 
4 17 9 1 7 11 16 7 7 16 13 20 11 13 7 15 10 16 0 5 3 1 7 11 4 6 14 4 13 21 21 21 21 21 21 21 21 21 21 21 21 21 21 21 21 21 21 21 21 21 21 21 21 21 21 21 21 21 21 21 21 
4 17 9 1 7 11 13 7 7 16 1 14 11 3 7 15 4 13 0 5 16 1 7 4 3 6 7 4 4 21 21 21 21 21 21 21 21 21 21 21 21 21 21 21 21 21 21 21 21 21 21 21 21 21 21 21 21 21 21 21 21 
4 17 9 1 7 11 13 7 7 16 1 14 11 3 7 15 4 13 0 5 16 1 7 4 3 6 7 4 4 21 21 21 21 21 21 21 21 21 21 21 21 21 21 21 21 21 21 21 21 21 21 21 21 21 21 21 21 21 21 21 21 
4 17 9 1 7 11 16 7 7 16 13 20 11 13 7 15 10 16 0 5 3 1 7 11 4 6 14 4 13 21 21 21 21 21 21 21 21 21 21 21 21 21 21 21 21 21 21 21 21 21 21 21 21 21 21 21 21 21 21 21 21 
4 17 9 1 7 11 3 7 7 16 1 14 11 16 7 15 13 16 0 5 16 1 7 14 4 6 7 16 13 21 21 21 21 21 21 21 21 21 21 21 21 21 21 21 21 21 21 21 21 21 21 21 21 21 21 21 21 21 21 21 21 
4 17 9 1 7 11 13 7 7 16 1 14 11 3 7 15 4 13 0 5 16 1 7 4 3 6 7 4 4 21 21 21 21 21 21 21 21 21 21 21 21 21 21 21 21 21 21 21 21 21 21 21 21 21 21 21 21 21 21 21 21 
4 17 9 1 7 11 16 7 7 16 13 20 11 13 7 15 10 16 0 5 3 1 7 11 4 6 14 4 13 21 21 21 21 21 21 21 21 21 21 21 21 21 21 21 21 21 21 21 21 21 21 21 21 21 21 21 21 21 21 21 21 
4 17 9 1 7 11 3 7 7 16 1 14 11 16 7 15 13 16 0 5 16 1 7 14 4 6 7 16 13 21 21 21 21 21 21 21 21 21 21 21 21 21 21 21 21 21 21 21 21 21 21 21 21 21 21 21 21 21 21 21 21 
4 17 9 1 7 11 16 7 7 16 13 20 11 13 7 15 10 16 0 5 3 1 7 11 4 6 14 4 13 21 21 21 21 21 21 21 21 21 21 21 21 21 21 21 21 21 21 21 21 21 21 21 21 21 21 21 21 21 21 21 21 
4 17 9 1 7 11 3 7 7 16 1 14 11 16 7 15 13 16 0 5 16 1 7 14 4 6 7 16 13 21 21 21 21 21 21 21 21 21 21 21 21 21 21 21 21 21 21 21 21 21 21 21 21 21 21 21 21 21 21 21 21 
4 17 9 1 7 11 3 7 7 16 1 14 11 16 7 15 13 16 0 5 16 1 7 14 4 6 7 16 13 21 21 21 21 21 21 21 21 21 21 21 21 21 21 21 21 21 21 21 21 21 21 21 21 21 21 21 21 21 21 21 21 
4 17 9 1 7 11 16 7 7 13 1 14 11 13 7 15 4 16 0 5 16 1 7 11 16 6 14 3 10 21 21 21 21 21 21 21 21 21 21 21 21 21 21 21 21 21 21 21 21 21 21 21 21 21 21 21 21 21 21 21 21 
4 17 9 1 7 11 3 7 7 16 1 14 11 16 7 15 13 16 0 5 16 1 7 14 4 6 7 16 13 21 21 21 21 21 21 21 21 21 21 21 21 21 21 21 21 21 21 21 21 21 21 21 21 21 21 21 21 21 21 21 21 
4 17 9 1 7 11 3 7 7 16 1 14 11 16 7 15 13 16 0 5 16 1 7 14 4 6 7 16 13 21 21 21 21 21 21 21 21 21 21 21 21 21 21 21 21 21 21 21 21 21 21 21 21 21 21 21 21 21 21 21 21 
4 17 9 1 7 11 3 7 7 16 1 14 11 16 7 15 13 16 0 5 16 1 7 14 4 6 7 16 13 21 21 21 21 21 21 21 21 21 21 21 21 21 21 21 21 21 21 21 21 21 21 21 21 21 21 21 21 21 21 21 21 
2 8 1 19 20 3 14 20 11 0 16 19 3 13 5 18 8 19 19 13 18 20 8 16 13 14 7 17 7 13 21 21 21 21 21 21 21 21 21 21 21 21 21 21 21 21 21 21 21 21 21 21 21 21 21 21 21 21 21 21 21 
2 2 1 13 20 3 14 20 11 0 16 11 3 13 5 18 8 19 19 13 18 20 8 16 13 14 7 17 7 13 21 21 21 21 21 21 21 21 21 21 21 21 21 21 21 21 21 21 21 21 21 21 21 21 21 21 21 21 21 21 21 
2 2 1 13 20 3 14 20 11 0 16 11 3 13 5 18 8 19 19 13 18 20 8 16 13 14 7 17 7 13 21 21 21 21 21 21 21 21 21 21 21 21 21 21 21 21 21 21 21 21 21 21 21 21 21 21 21 21 21 21 21 
2 18 18 5 4 5 5 3 8 13 5 4 18 4 1 5 4 8 13 15 11 17 1 18 19 13 16 18 9 10 21 21 21 21 21 21 21 21 21 21 21 21 21 21 21 21 21 21 21 21 21 21 21 21 21 21 21 21 21 21 21 
13 8 16 8 13 4 11 0 13 8 15 13 8 15 8 13 13 8 9 4 9 9 13 5 15 8 13 4 16 6 21 21 21 21 21 21 21 21 21 21 21 21 21 21 21 21 21 21 21 21 21 21 21 21 21 21 21 21 21 21 21 
7 3 20 4 11 16 16 20 3 5 15 18 3 9 8 13 20 18 16 4 15 20 13 20 18 11 13 3 9 13 21 21 21 21 21 21 21 21 21 21 21 21 21 21 21 21 21 21 21 21 21 21 21 21 21 21 21 21 21 21 21 
2 8 1 19 20 3 14 20 11 0 16 19 3 13 5 18 8 19 19 13 18 20 8 16 13 14 7 17 7 13 21 21 21 21 21 21 21 21 21 21 21 21 21 21 21 21 21 21 21 21 21 21 21 21 21 21 21 21 21 21 21 
2 2 1 13 20 3 14 20 11 0 16 11 3 13 5 18 8 19 19 13 18 20 8 16 13 14 7 17 7 13 21 21 21 21 21 21 21 21 21 21 21 21 21 21 21 21 21 21 21 21 21 21 21 21 21 21 21 21 21 21 21 
7 4 15 15 7 4 15 15 7 15 15 7 4 15 15 7 4 15 7 4 7 4 15 7 4 7 4 1 15 15 15 15 21 21 21 21 21 21 21 21 21 21 21 21 21 21 21 21 21 21 21 21 21 21 21 21 21 21 21 21 21 
18 18 13 8 16 8 13 4 11 0 13 8 15 13 8 15 8 13 13 8 9 4 9 9 13 5 15 8 13 4 16 6 21 21 21 21 21 21 21 21 21 21 21 21 21 21 21 21 21 21 21 21 21 21 21 21 21 21 21 21 21 
4 14 2 6 2 8 14 7 8 2 4 14 8 18 11 13 11 7 16 2 8 3 11 7 8 13 6 8 13 2 2 8 21 21 21 21 21 21 21 21 21 21 21 21 21 21 21 21 21 21 21 21 21 21 21 21 21 21 21 21 21 
4 14 2 6 2 8 14 7 8 2 4 14 8 18 11 13 11 7 16 2 18 3 11 7 8 13 6 8 13 2 2 8 21 21 21 21 21 21 21 21 21 21 21 21 21 21 21 21 21 21 21 21 21 21 21 21 21 21 21 21 21 
4 14 2 6 2 8 14 7 8 2 4 14 8 18 11 13 11 7 16 2 18 3 8 7 8 13 6 8 13 2 2 8 21 21 21 21 21 21 21 21 21 21 21 21 21 21 21 21 21 21 21 21 21 21 21 21 21 21 21 21 21 
4 14 2 6 2 8 8 7 8 2 4 14 8 18 11 13 11 7 16 2 18 3 11 7 8 13 6 8 13 2 2 8 21 21 21 21 21 21 21 21 21 21 21 21 21 21 21 21 21 21 21 21 21 21 21 21 21 21 21 21 21 
4 14 2 6 2 8 14 7 8 2 4 14 8 18 11 8 11 7 16 2 18 3 11 7 8 13 6 8 13 2 2 8 21 21 21 21 21 21 21 21 21 21 21 21 21 21 21 21 21 21 21 21 21 21 21 21 21 21 21 21 21 
16 16 14 14 8 13 1 10 11 13 16 4 11 16 8 20 4 1 5 11 7 6 3 11 1 9 18 3 3 15 14 18 21 21 21 21 21 21 21 21 21 21 21 21 21 21 21 21 21 21 21 21 21 21 21 21 21 21 21 21 21 
15 19 20 20 9 1 0 1 18 16 1 20 1 16 19 2 11 3 2 11 20 20 19 14 2 17 4 3 2 15 8 3 21 21 21 21 21 21 21 21 21 21 21 21 21 21 21 21 21 21 21 21 21 21 21 21 21 21 21 21 21 
11 10 18 15 13 4 7 1 7 4 16 7 4 7 4 14 4 18 18 14 8 8 10 13 0 8 4 1 9 14 13 4 21 21 21 21 21 21 21 21 21 21 21 21 21 21 21 21 21 21 21 21 21 21 21 21 21 21 21 21 21 
2 18 18 13 8 16 8 13 4 11 0 13 8 15 13 8 15 8 13 13 8 9 4 9 9 13 5 15 8 13 4 16 6 21 21 21 21 21 21 21 21 21 21 21 21 21 21 21 21 21 21 21 21 21 21 21 21 21 21 21 21 
2 18 18 3 8 4 8 13 11 14 0 13 8 15 10 8 15 8 13 10 8 9 4 9 9 13 5 15 8 13 4 16 6 21 21 21 21 21 21 21 21 21 21 21 21 21 21 21 21 21 21 21 21 21 21 21 21 21 21 21 21 
10 4 3 13 7 9 14 4 17 9 1 7 11 13 7 7 16 1 14 11 3 7 15 4 13 0 5 16 1 7 4 3 6 21 21 21 21 21 21 21 21 21 21 21 21 21 21 21 21 21 21 21 21 21 21 21 21 21 21 21 21 
6 15 1 4 2 19 18 2 19 15 8 1 10 8 11 9 0 13 11 15 0 3 14 13 0 18 13 13 7 18 18 8 8 21 21 21 21 21 21 21 21 21 21 21 21 21 21 21 21 21 21 21 21 21 21 21 21 21 21 21 21 
10 4 3 13 7 9 14 4 17 9 1 7 11 13 7 7 16 1 14 11 3 7 15 4 13 0 5 16 1 7 4 3 6 21 21 21 21 21 21 21 21 21 21 21 21 21 21 21 21 21 21 21 21 21 21 21 21 21 21 21 21 
4 13 20 2 6 17 19 13 20 9 6 7 1 6 14 14 14 7 3 7 6 5 19 6 8 16 16 16 13 11 1 18 13 21 21 21 21 21 21 21 21 21 21 21 21 21 21 21 21 21 21 21 21 21 21 21 21 21 21 21 21 
9 13 11 20 5 3 20 11 3 20 15 11 13 15 11 4 18 9 17 3 4 9 11 20 1 1 4 20 5 4 8 14 4 15 21 21 21 21 21 21 21 21 21 21 21 21 21 21 21 21 21 21 21 21 21 21 21 21 21 21 21 
6 9 0 3 5 9 0 16 20 14 10 1 11 8 13 4 14 11 17 2 13 13 5 20 15 18 8 4 13 17 4 18 4 4 21 21 21 21 21 21 21 21 21 21 21 21 21 21 21 21 21 21 21 21 21 21 21 21 21 21 21 
20 4 9 3 3 15 11 13 3 8 15 14 3 3 20 4 11 15 20 14 4 11 13 11 3 13 5 0 13 6 16 13 8 11 21 21 21 21 21 21 21 21 21 21 21 21 21 21 21 21 21 21 21 21 21 21 21 21 21 21 21 
16 6 13 0 8 3 9 13 7 19 19 3 11 13 18 8 13 9 16 7 14 20 13 5 20 4 3 4 15 13 18 9 4 15 18 21 21 21 21 21 21 21 21 21 21 21 21 21 21 21 21 21 21 21 21 21 21 21 21 21 21 
6 13 0 8 3 9 13 7 19 19 3 11 13 18 8 13 9 16 7 14 20 13 7 20 4 3 4 15 13 18 9 4 15 18 13 21 21 21 21 21 21 21 21 21 21 21 21 21 21 21 21 21 21 21 21 21 21 21 21 21 21 
13 0 8 3 9 13 7 19 19 3 11 13 18 8 13 9 16 7 14 20 13 7 20 4 3 4 15 13 18 9 4 15 18 13 13 21 21 21 21 21 21 21 21 21 21 21 21 21 21 21 21 21 21 21 21 21 21 21 21 21 21 
0 8 3 9 13 7 19 19 3 11 13 18 8 13 9 16 7 14 20 13 7 20 4 3 4 15 13 18 9 4 15 18 13 13 18 21 21 21 21 21 21 21 21 21 21 21 21 21 21 21 21 21 21 21 21 21 21 21 21 21 21 
8 3 9 13 7 19 19 3 11 13 18 8 13 9 16 7 14 20 13 7 20 4 3 4 15 13 18 9 4 15 18 13 13 18 11 21 21 21 21 21 21 21 21 21 21 21 21 21 21 21 21 21 21 21 21 21 21 21 21 21 21 
3 9 13 7 19 19 3 11 13 18 8 13 9 16 7 14 20 13 7 20 4 3 4 15 13 18 9 4 15 18 13 13 18 11 11 21 21 21 21 21 21 21 21 21 21 21 21 21 21 21 21 21 21 21 21 21 21 21 21 21 21 
9 13 7 19 19 3 11 13 18 8 13 9 16 7 14 20 13 7 20 4 3 4 15 13 18 9 4 15 18 13 13 18 11 11 9 21 21 21 21 21 21 21 21 21 21 21 21 21 21 21 21 21 21 21 21 21 21 21 21 21 21 
13 7 19 19 3 11 13 18 8 13 9 16 7 14 20 13 7 20 4 3 4 15 13 18 9 4 15 18 13 13 18 11 11 9 5 21 21 21 21 21 21 21 21 21 21 21 21 21 21 21 21 21 21 21 21 21 21 21 21 21 21 
7 19 19 3 11 13 18 8 13 9 16 7 14 20 13 7 20 4 3 4 15 13 18 9 4 15 18 13 13 18 11 11 9 5 3 21 21 21 21 21 21 21 21 21 21 21 21 21 21 21 21 21 21 21 21 21 21 21 21 21 21 
19 19 3 11 13 18 8 13 9 16 7 14 20 13 7 20 4 3 4 15 13 18 9 4 15 18 13 13 18 11 11 9 5 3 13 21 21 21 21 21 21 21 21 21 21 21 21 21 21 21 21 21 21 21 21 21 21 21 21 21 21 
19 3 11 13 18 8 13 9 16 7 14 20 13 7 20 4 3 4 15 13 18 9 4 15 18 13 13 18 11 11 9 5 3 13 8 21 21 21 21 21 21 21 21 21 21 21 21 21 21 21 21 21 21 21 21 21 21 21 21 21 21 
3 11 13 18 8 13 9 16 7 14 20 13 7 20 4 3 4 15 13 18 9 4 15 18 13 13 18 11 11 9 5 3 13 8 11 21 21 21 21 21 21 21 21 21 21 21 21 21 21 21 21 21 21 21 21 21 21 21 21 21 21 
11 13 18 8 13 9 16 7 14 20 13 7 20 4 3 4 15 13 18 9 4 15 18 13 13 18 11 11 9 5 3 13 8 11 10 21 21 21 21 21 21 21 21 21 21 21 21 21 21 21 21 21 21 21 21 21 21 21 21 21 21 
13 18 8 13 9 16 7 14 20 13 7 20 4 3 4 15 13 18 9 4 15 18 13 13 18 11 11 9 5 3 13 8 11 10 15 21 21 21 21 21 21 21 21 21 21 21 21 21 21 21 21 21 21 21 21 21 21 21 21 21 21 
3 14 13 20 20 11 16 4 13 9 19 3 9 3 11 3 18 13 20 15 4 15 11 9 13 18 18 11 15 18 17 3 8 8 11 21 21 21 21 21 21 21 21 21 21 21 21 21 21 21 21 21 21 21 21 21 21 21 21 21 21 
14 13 20 20 11 16 4 13 9 19 3 9 3 11 3 18 13 20 15 4 15 11 9 13 18 18 11 15 18 17 3 8 8 11 20 21 21 21 21 21 21 21 21 21 21 21 21 21 21 21 21 21 21 21 21 21 21 21 21 21 21 
13 20 20 11 16 4 13 9 19 3 9 3 11 3 18 13 20 15 4 15 11 9 13 18 18 11 15 18 17 3 8 8 11 20 5 21 21 21 21 21 21 21 21 21 21 21 21 21 21 21 21 21 21 21 21 21 21 21 21 21 21 
20 20 11 16 4 13 9 19 3 9 3 11 3 18 13 20 15 4 15 11 9 13 18 18 11 15 18 17 3 8 8 11 20 5 15 21 21 21 21 21 21 21 21 21 21 21 21 21 21 21 21 21 21 21 21 21 21 21 21 21 21 
20 11 16 4 13 9 19 3 9 3 11 3 18 13 20 15 4 15 11 9 13 18 18 11 15 18 17 3 8 8 11 20 5 15 13 21 21 21 21 21 21 21 21 21 21 21 21 21 21 21 21 21 21 21 21 21 21 21 21 21 21 
11 16 4 13 9 19 3 9 3 11 3 18 13 20 15 4 15 11 9 13 18 18 11 15 18 17 3 8 8 11 20 5 15 13 9 21 21 21 21 21 21 21 21 21 21 21 21 21 21 21 21 21 21 21 21 21 21 21 21 21 21 
16 4 13 9 19 3 9 3 11 3 18 13 20 15 4 15 11 9 13 18 18 11 15 18 17 3 8 8 11 20 5 15 13 9 11 21 21 21 21 21 21 21 21 21 21 21 21 21 21 21 21 21 21 21 21 21 21 21 21 21 21 
4 13 9 19 3 9 3 11 3 18 13 20 15 4 15 11 9 13 18 18 11 15 18 17 3 8 8 11 20 5 15 13 9 11 3 21 21 21 21 21 21 21 21 21 21 21 21 21 21 21 21 21 21 21 21 21 21 21 21 21 21 
13 9 19 3 9 3 11 3 18 13 20 15 4 15 11 9 13 18 18 11 15 18 17 3 8 8 11 20 5 15 13 9 11 3 7 21 21 21 21 21 21 21 21 21 21 21 21 21 21 21 21 21 21 21 21 21 21 21 21 21 21 
9 19 3 9 3 11 3 18 13 20 15 4 15 11 9 13 18 18 11 15 18 17 3 8 8 11 20 5 15 13 9 11 3 7 20 21 21 21 21 21 21 21 21 21 21 21 21 21 21 21 21 21 21 21 21 21 21 21 21 21 21 
19 3 9 3 11 3 18 13 20 15 4 15 11 9 13 18 18 11 15 18 17 3 8 8 11 20 5 15 13 9 11 3 7 20 17 21 21 21 21 21 21 21 21 21 21 21 21 21 21 21 21 21 21 21 21 21 21 21 21 21 21 
3 9 3 11 3 18 13 20 15 4 15 11 9 13 18 18 11 15 18 17 3 8 8 11 20 5 15 13 9 11 3 7 20 17 0 21 21 21 21 21 21 21 21 21 21 21 21 21 21 21 21 21 21 21 21 21 21 21 21 21 21 
9 3 11 3 18 13 20 15 4 15 11 9 13 18 18 11 15 18 17 3 8 8 11 20 5 15 13 9 11 3 7 20 17 0 5 21 21 21 21 21 21 21 21 21 21 21 21 21 21 21 21 21 21 21 21 21 21 21 21 21 21 
3 11 3 18 13 20 15 4 15 11 9 13 18 18 11 15 18 17 3 8 8 11 20 5 15 13 9 11 3 7 20 17 0 5 11 21 21 21 21 21 21 21 21 21 21 21 21 21 21 21 21 21 21 21 21 21 21 21 21 21 21 
11 3 18 13 20 15 4 15 11 9 13 18 18 11 15 18 17 3 8 8 11 20 5 15 13 9 11 3 7 20 17 0 5 11 11 21 21 21 21 21 21 21 21 21 21 21 21 21 21 21 21 21 21 21 21 21 21 21 21 21 21 
3 18 13 20 15 4 15 11 9 13 18 18 11 15 18 17 3 8 8 11 20 5 15 13 9 11 3 7 20 17 0 5 11 11 14 21 21 21 21 21 21 21 21 21 21 21 21 21 21 21 21 21 21 21 21 21 21 21 21 21 21 
18 13 20 15 4 15 11 9 13 18 18 11 15 18 17 3 8 8 11 20 5 15 13 9 11 3 7 20 17 0 5 11 11 14 14 21 21 21 21 21 21 21 21 21 21 21 21 21 21 21 21 21 21 21 21 21 21 21 21 21 21 
3 3 20 1 6 9 19 13 16 1 19 11 9 18 1 9 4 11 3 11 5 16 20 18 15 3 20 5 11 13 4 1 3 8 15 21 21 21 21 21 21 21 21 21 21 21 21 21 21 21 21 21 21 21 21 21 21 21 21 21 21 
3 20 1 6 9 19 13 16 1 19 11 9 18 1 9 4 11 3 11 5 16 20 18 15 3 20 5 11 13 4 1 3 8 15 11 21 21 21 21 21 21 21 21 21 21 21 21 21 21 21 21 21 21 21 21 21 21 21 21 21 21 
1 6 9 19 13 16 1 19 11 9 18 1 9 4 11 3 11 5 16 20 18 15 3 20 5 11 13 4 1 3 8 15 11 9 18 21 21 21 21 21 21 21 21 21 21 21 21 21 21 21 21 21 21 21 21 21 21 21 21 21 21 
6 9 19 13 16 1 19 11 9 18 1 9 4 11 3 11 5 16 20 18 15 3 20 5 11 13 4 1 3 8 15 11 9 18 13 21 21 21 21 21 21 21 21 21 21 21 21 21 21 21 21 21 21 21 21 21 21 21 21 21 21 
9 19 13 16 1 19 11 9 18 1 9 4 11 3 11 5 16 20 18 15 3 20 5 11 13 4 1 3 8 15 11 9 18 13 13 21 21 21 21 21 21 21 21 21 21 21 21 21 21 21 21 21 21 21 21 21 21 21 21 21 21 
19 13 16 1 19 11 9 18 1 9 4 11 3 11 5 16 20 18 15 3 20 5 11 13 4 1 3 8 15 11 9 18 13 13 0 21 21 21 21 21 21 21 21 21 21 21 21 21 21 21 21 21 21 21 21 21 21 21 21 21 21 
13 16 1 19 11 9 18 1 9 4 11 3 11 5 16 20 18 15 3 20 5 11 13 4 1 3 8 15 11 9 18 13 13 0 20 21 21 21 21 21 21 21 21 21 21 21 21 21 21 21 21 21 21 21 21 21 21 21 21 21 21 
16 1 19 11 9 18 1 9 4 11 3 11 5 16 20 18 15 3 20 5 11 13 4 1 3 8 15 11 9 18 13 13 0 20 16 21 21 21 21 21 21 21 21 21 21 21 21 21 21 21 21 21 21 21 21 21 21 21 21 21 21 
1 19 11 9 18 1 9 4 11 3 11 5 16 20 18 15 3 20 5 11 13 4 1 3 8 15 11 9 18 13 13 0 20 16 20 21 21 21 21 21 21 21 21 21 21 21 21 21 21 21 21 21 21 21 21 21 21 21 21 21 21 
19 11 9 18 1 9 4 11 3 11 5 16 20 18 15 3 20 5 11 13 4 1 3 8 15 11 9 18 13 13 0 20 16 20 4 21 21 21 21 21 21 21 21 21 21 21 21 21 21 21 21 21 21 21 21 21 21 21 21 21 21 
11 9 18 1 9 4 11 3 11 5 16 20 18 15 3 20 5 11 13 4 1 3 8 15 11 9 18 13 13 0 20 16 20 4 7 21 21 21 21 21 21 21 21 21 21 21 21 21 21 21 21 21 21 21 21 21 21 21 21 21 21 
9 18 1 9 4 11 3 11 5 16 20 18 15 3 20 5 11 13 4 1 3 8 15 11 9 18 13 13 0 20 16 20 4 7 15 21 21 21 21 21 21 21 21 21 21 21 21 21 21 21 21 21 21 21 21 21 21 21 21 21 21 
18 1 9 4 11 3 11 5 16 20 18 15 3 20 5 11 13 4 1 3 8 15 11 9 18 13 13 0 20 16 20 4 7 15 11 21 21 21 21 21 21 21 21 21 21 21 21 21 21 21 21 21 21 21 21 21 21 21 21 21 21 
1 9 4 11 3 11 5 16 20 18 15 3 20 5 11 13 4 1 3 8 15 11 9 18 13 13 0 20 16 20 4 7 15 11 14 21 21 21 21 21 21 21 21 21 21 21 21 21 21 21 21 21 21 21 21 21 21 21 21 21 21 
9 4 11 3 11 5 16 20 18 15 3 20 5 11 13 4 1 3 8 15 11 9 18 13 13 0 20 16 20 4 7 15 11 14 14 21 21 21 21 21 21 21 21 21 21 21 21 21 21 21 21 21 21 21 21 21 21 21 21 21 21 
1 9 4 11 3 11 5 16 20 18 15 3 20 5 11 13 4 1 3 8 15 11 9 18 13 13 0 20 16 20 4 7 15 11 14 21 21 21 21 21 21 21 21 21 21 21 21 21 21 21 21 21 21 21 21 21 21 21 21 21 21 
3 9 3 11 3 18 13 20 15 4 15 11 9 13 18 18 11 15 18 17 3 8 8 11 20 5 15 13 9 11 3 7 20 17 0 21 21 21 21 21 21 21 21 21 21 21 21 21 21 21 21 21 21 21 21 21 21 21 21 21 21 
13 0 8 3 9 13 7 19 19 3 11 13 18 8 13 9 16 7 14 20 13 7 20 4 3 4 15 13 18 9 4 15 18 13 13 21 21 21 21 21 21 21 21 21 21 21 21 21 21 21 21 21 21 21 21 21 21 21 21 21 21 
18 13 20 15 4 15 11 9 13 18 18 11 15 18 17 3 8 8 11 20 5 15 13 9 11 3 7 20 17 0 5 11 11 14 14 21 21 21 21 21 21 21 21 21 21 21 21 21 21 21 21 21 21 21 21 21 21 21 21 21 21 
15 17 15 16 1 15 15 3 18 15 10 7 8 20 3 8 20 7 3 16 15 4 7 19 4 3 4 16 13 7 18 4 15 4 13 21 21 21 21 21 21 21 21 21 21 21 21 21 21 21 21 21 21 21 21 21 21 21 21 21 21 
3 11 7 3 20 4 11 16 16 20 3 5 15 18 3 9 8 13 20 18 16 4 15 20 13 20 18 11 13 3 9 13 5 18 13 21 21 21 21 21 21 21 21 21 21 21 21 21 21 21 21 21 21 21 21 21 21 21 21 21 21 
1 0 1 18 16 1 20 1 16 19 2 11 3 2 11 20 20 19 14 2 17 4 3 2 15 8 3 19 20 15 15 19 7 15 15 21 21 21 21 21 21 21 21 21 21 21 21 21 21 21 21 21 21 21 21 21 21 21 21 21 21 
15 19 19 11 15 19 20 20 9 1 0 1 18 16 1 20 1 16 19 2 11 3 2 11 20 20 19 14 2 17 4 3 2 15 8 3 21 21 21 21 21 21 21 21 21 21 21 21 21 21 21 21 21 21 21 21 21 21 21 21 21 
1 4 16 4 16 15 4 16 4 16 15 4 16 4 16 15 4 16 15 15 4 16 15 15 16 15 15 4 16 15 15 4 16 15 15 15 15 21 21 21 21 21 21 21 21 21 21 21 21 21 21 21 21 21 21 21 21 21 21 21 21 
15 8 15 8 4 16 15 8 16 7 8 8 13 15 15 13 4 8 15 3 4 8 13 7 16 4 15 13 4 7 13 8 4 16 15 13 1 21 21 21 21 21 21 21 21 21 21 21 21 21 21 21 21 21 21 21 21 21 21 21 21 
7 3 20 4 11 16 16 20 3 5 15 18 3 9 8 13 20 18 16 4 15 20 13 20 18 11 13 3 9 13 5 18 13 7 15 6 18 21 21 21 21 21 21 21 21 21 21 21 21 21 21 21 21 21 21 21 21 21 21 21 21 
7 3 20 4 11 16 16 20 3 5 15 18 3 9 8 13 20 18 16 4 15 20 13 20 18 11 13 3 9 13 5 18 13 7 15 6 18 21 21 21 21 21 21 21 21 21 21 21 21 21 21 21 21 21 21 21 21 21 21 21 21 
7 3 2 8 2 3 2 7 8 7 3 2 8 2 3 2 7 8 3 7 7 8 16 19 7 16 7 16 19 7 16 7 0 0 0 0 0 0 21 21 21 21 21 21 21 21 21 21 21 21 21 21 21 21 21 21 21 21 21 21 21 
20 7 3 7 16 14 5 20 16 13 6 18 20 5 15 5 3 4 20 5 1 20 15 4 3 11 5 3 5 18 11 13 14 14 14 11 14 4 21 21 21 21 21 21 21 21 21 21 21 21 21 21 21 21 21 21 21 21 21 21 21 
9 13 11 13 9 1 18 15 13 20 16 14 13 13 9 13 14 6 18 10 20 8 3 5 9 4 3 15 15 13 20 18 11 6 3 20 13 15 18 21 21 21 21 21 21 21 21 21 21 21 21 21 21 21 21 21 21 21 21 21 21 
9 3 11 7 3 20 4 11 16 16 20 3 5 15 18 3 9 8 13 20 18 16 4 15 20 13 20 18 11 13 3 9 13 5 18 13 7 15 6 18 21 21 21 21 21 21 21 21 21 21 21 21 21 21 21 21 21 21 21 21 21 
16 8 13 4 11 0 13 8 15 13 8 15 8 13 13 8 9 4 9 9 13 3 8 13 5 4 18 4 1 5 4 8 13 15 11 17 1 18 19 13 16 21 21 21 21 21 21 21 21 21 21 21 21 21 21 21 21 21 21 21 21 
15 5 8 5 20 15 19 19 11 15 19 20 20 9 1 0 1 18 16 1 20 1 16 19 2 11 3 2 11 20 20 19 14 2 17 4 3 2 15 8 3 21 21 21 21 21 21 21 21 21 21 21 21 21 21 21 21 21 21 21 21 
16 9 13 7 9 3 11 7 3 20 4 11 16 16 20 3 5 15 18 3 9 8 13 20 18 16 4 15 20 13 20 18 11 13 3 9 13 5 18 13 7 15 6 18 21 21 21 21 21 21 21 21 21 21 21 21 21 21 21 21 21 
4 4 0 13 3 9 4 13 6 4 18 1 13 7 7 8 16 13 14 14 19 16 16 0 8 4 13 1 6 4 11 4 16 13 8 5 19 1 13 4 7 16 19 11 4 21 21 21 21 21 21 21 21 21 21 21 21 21 21 21 21 
20 1 6 9 19 13 16 1 19 11 9 18 1 9 4 11 3 11 5 16 20 18 15 3 20 5 11 13 4 11 3 8 15 11 9 18 13 13 0 20 16 20 4 7 15 21 21 21 21 21 21 21 21 21 21 21 21 21 21 21 21 
5 15 5 3 4 20 5 1 20 15 4 3 11 5 3 5 18 11 13 14 14 14 11 14 4 13 7 15 13 5 9 16 16 20 5 20 4 5 4 13 20 14 13 16 15 5 21 21 21 21 21 21 21 21 21 21 21 21 21 21 21 
5 20 5 11 4 20 5 1 5 15 18 3 11 5 3 20 18 16 13 14 14 14 20 14 11 13 7 15 13 5 9 9 16 20 5 20 20 5 11 13 20 14 13 5 15 18 21 21 21 21 21 21 21 21 21 21 21 21 21 21 21 
20 5 20 4 5 4 13 20 14 13 16 15 5 13 11 11 20 1 7 4 3 11 11 16 13 20 9 3 13 11 8 13 9 15 16 18 4 18 16 5 3 9 8 13 3 14 21 21 21 21 21 21 21 21 21 21 21 21 21 21 21 
9 16 9 13 7 9 3 11 7 3 20 4 11 16 16 20 3 5 15 18 3 9 8 13 20 18 16 4 15 20 13 20 18 11 13 3 9 13 5 18 13 7 15 6 18 5 6 3 21 21 21 21 21 21 21 21 21 21 21 21 21 
14 11 19 9 16 9 13 7 9 3 11 7 3 20 4 11 16 16 20 3 5 15 18 3 9 8 13 20 18 16 4 15 20 13 20 18 11 13 3 9 13 5 18 13 7 15 6 18 21 21 21 21 21 21 21 21 21 21 21 21 21 
7 8 8 8 8 11 16 5 17 2 4 16 11 5 19 18 4 14 15 2 1 5 17 5 8 20 10 8 15 16 8 7 19 19 16 11 2 3 15 8 9 11 19 3 5 2 3 5 4 21 21 21 21 21 21 21 21 21 21 21 21 
15 5 8 5 20 15 19 19 11 15 19 20 20 9 1 0 1 18 16 1 20 1 16 19 2 11 3 2 11 20 20 19 14 2 17 4 3 2 15 8 3 19 20 15 15 19 7 15 15 21 21 21 21 21 21 21 21 21 21 21 21 
1 15 20 0 14 11 19 9 16 9 13 7 9 3 11 7 3 20 4 11 16 16 20 3 5 15 18 3 9 8 13 20 18 16 4 15 20 13 20 18 11 13 3 9 13 5 18 13 7 15 6 18 21 21 21 21 21 21 21 21 21 
13 9 15 6 1 15 20 0 14 11 19 9 16 9 13 7 9 3 11 7 3 20 4 11 16 16 20 3 5 15 18 3 9 8 13 20 18 16 4 15 20 13 20 18 11 13 3 9 13 5 18 13 7 15 6 18 21 21 21 21 21 
18 13 9 11 19 15 18 18 13 9 15 6 1 15 20 0 14 11 19 9 16 9 13 7 9 3 11 7 3 20 4 11 16 16 20 3 5 15 18 3 9 8 13 20 18 16 4 15 20 13 20 18 11 13 3 9 21 21 21 21 21 
4 16 11 15 16 13 0 13 18 7 18 16 20 15 3 11 4 13 13 11 14 20 15 4 16 16 11 13 11 20 7 16 11 16 13 14 11 15 16 13 9 13 9 20 6 3 9 15 5 13 13 19 3 16 20 15 21 21 21 21 21 
19 15 18 18 13 9 15 6 1 15 20 0 14 11 19 9 16 9 13 7 9 3 11 7 3 20 4 11 16 16 20 3 5 15 18 3 9 8 13 20 18 16 4 15 20 13 20 18 11 13 3 9 13 5 18 13 7 15 6 18 21 
18 13 9 11 1 15 18 18 13 9 15 6 1 15 20 0 14 11 19 9 16 9 13 7 9 3 11 7 3 20 4 11 16 16 20 3 5 15 18 3 9 8 13 20 18 16 4 15 20 13 20 18 11 13 3 9 13 5 18 13 21 
18 18 13 8 16 8 13 4 11 0 13 8 15 13 8 15 8 13 13 8 9 4 9 9 13 5 15 8 13 4 16 6 18 18 5 4 5 5 3 8 13 5 4 18 4 1 5 4 8 13 15 11 17 1 18 19 13 16 18 9 10 
