7 0 20 19 0 8 1 0 21 21 21 21 21 21 21 21 21 21 21 21 21 21 21 21 21 21 21 21 21 21 21 21 21 21 21 21 21 21 21 21 21 21 21 21 21 21 21 21 21 21 21 21 21 21 21 21 21 21 21 21 21 
2 2 4 5 12 18 4 21 21 21 21 21 21 21 21 21 21 21 21 21 21 21 21 21 21 21 21 21 21 21 21 21 21 21 21 21 21 21 21 21 21 21 21 21 21 21 21 21 21 21 21 21 21 21 21 21 21 21 21 21 21 
1 4 17 4 2 1 21 21 21 21 21 21 21 21 21 21 21 21 21 21 21 21 21 21 21 21 21 21 21 21 21 21 21 21 21 21 21 21 21 21 21 21 21 21 21 21 21 21 21 21 21 21 21 21 21 21 21 21 21 21 21 
1 4 18 5 18 2 1 21 21 21 21 21 21 21 21 21 21 21 21 21 21 21 21 21 21 21 21 21 21 21 21 21 21 21 21 21 21 21 21 21 21 21 21 21 21 21 21 21 21 21 21 21 21 21 21 21 21 21 21 21 21 
2 2 4 5 12 18 4 21 21 21 21 21 21 21 21 21 21 21 21 21 21 21 21 21 21 21 21 21 21 21 21 21 21 21 21 21 21 21 21 21 21 21 21 21 21 21 21 21 21 21 21 21 21 21 21 21 21 21 21 21 21 
7 2 2 4 5 12 18 21 21 21 21 21 21 21 21 21 21 21 21 21 21 21 21 21 21 21 21 21 21 21 21 21 21 21 21 21 21 21 21 21 21 21 21 21 21 21 21 21 21 21 21 21 21 21 21 21 21 21 21 21 21 
8 11 16 1 11 2 2 21 21 21 21 21 21 21 21 21 21 21 21 21 21 21 21 21 21 21 21 21 21 21 21 21 21 21 21 21 21 21 21 21 21 21 21 21 21 21 21 21 21 21 21 21 21 21 21 21 21 21 21 21 21 
8 3 13 5 7 18 14 21 21 21 21 21 21 21 21 21 21 21 21 21 21 21 21 21 21 21 21 21 21 21 21 21 21 21 21 21 21 21 21 21 21 21 21 21 21 21 21 21 21 21 21 21 21 21 21 21 21 21 21 21 21 
10 2 12 1 13 7 10 21 21 21 21 21 21 21 21 21 21 21 21 21 21 21 21 21 21 21 21 21 21 21 21 21 21 21 21 21 21 21 21 21 21 21 21 21 21 21 21 21 21 21 21 21 21 21 21 21 21 21 21 21 21 
11 2 2 4 5 12 18 4 21 21 21 21 21 21 21 21 21 21 21 21 21 21 21 21 21 21 21 21 21 21 21 21 21 21 21 21 21 21 21 21 21 21 21 21 21 21 21 21 21 21 21 21 21 21 21 21 21 21 21 21 21 
7 2 2 4 5 12 18 4 21 21 21 21 21 21 21 21 21 21 21 21 21 21 21 21 21 21 21 21 21 21 21 21 21 21 21 21 21 21 21 21 21 21 21 21 21 21 21 21 21 21 21 21 21 21 21 21 21 21 21 21 21 
1 0 15 2 7 3 13 18 21 21 21 21 21 21 21 21 21 21 21 21 21 21 21 21 21 21 21 21 21 21 21 21 21 21 21 21 21 21 21 21 21 21 21 21 21 21 21 21 21 21 21 21 21 21 21 21 21 21 21 21 21 
7 9 2 5 3 10 9 3 21 21 21 21 21 21 21 21 21 21 21 21 21 21 21 21 21 21 21 21 21 21 21 21 21 21 21 21 21 21 21 21 21 21 21 21 21 21 21 21 21 21 21 21 21 21 21 21 21 21 21 21 21 
11 4 18 5 18 7 4 21 21 21 21 21 21 21 21 21 21 21 21 21 21 21 21 21 21 21 21 21 21 21 21 21 21 21 21 21 21 21 21 21 21 21 21 21 21 21 21 21 21 21 21 21 21 21 21 21 21 21 21 21 21 
11 2 2 4 5 12 18 4 21 21 21 21 21 21 21 21 21 21 21 21 21 21 21 21 21 21 21 21 21 21 21 21 21 21 21 21 21 21 21 21 21 21 21 21 21 21 21 21 21 21 21 21 21 21 21 21 21 21 21 21 21 
7 2 2 4 5 12 18 4 21 21 21 21 21 21 21 21 21 21 21 21 21 21 21 21 21 21 21 21 21 21 21 21 21 21 21 21 21 21 21 21 21 21 21 21 21 21 21 21 21 21 21 21 21 21 21 21 21 21 21 21 21 
17 2 20 0 2 2 4 0 21 21 21 21 21 21 21 21 21 21 21 21 21 21 21 21 21 21 21 21 21 21 21 21 21 21 21 21 21 21 21 21 21 21 21 21 21 21 21 21 21 21 21 21 21 21 21 21 21 21 21 21 21 
16 5 10 2 12 5 10 5 21 21 21 21 21 21 21 21 21 21 21 21 21 21 21 21 21 21 21 21 21 21 21 21 21 21 21 21 21 21 21 21 21 21 21 21 21 21 21 21 21 21 21 21 21 21 21 21 21 21 21 21 21 
10 2 12 1 13 7 10 3 21 21 21 21 21 21 21 21 21 21 21 21 21 21 21 21 21 21 21 21 21 21 21 21 21 21 21 21 21 21 21 21 21 21 21 21 21 21 21 21 21 21 21 21 21 21 21 21 21 21 21 21 21 
9 0 3 9 15 5 9 10 21 21 21 21 21 21 21 21 21 21 21 21 21 21 21 21 21 21 21 21 21 21 21 21 21 21 21 21 21 21 21 21 21 21 21 21 21 21 21 21 21 21 21 21 21 21 21 21 21 21 21 21 21 
11 0 3 9 15 5 9 10 21 21 21 21 21 21 21 21 21 21 21 21 21 21 21 21 21 21 21 21 21 21 21 21 21 21 21 21 21 21 21 21 21 21 21 21 21 21 21 21 21 21 21 21 21 21 21 21 21 21 21 21 21 
9 11 3 9 15 5 9 10 21 21 21 21 21 21 21 21 21 21 21 21 21 21 21 21 21 21 21 21 21 21 21 21 21 21 21 21 21 21 21 21 21 21 21 21 21 21 21 21 21 21 21 21 21 21 21 21 21 21 21 21 21 
9 0 11 9 15 5 9 10 21 21 21 21 21 21 21 21 21 21 21 21 21 21 21 21 21 21 21 21 21 21 21 21 21 21 21 21 21 21 21 21 21 21 21 21 21 21 21 21 21 21 21 21 21 21 21 21 21 21 21 21 21 
9 0 3 11 15 5 9 10 21 21 21 21 21 21 21 21 21 21 21 21 21 21 21 21 21 21 21 21 21 21 21 21 21 21 21 21 21 21 21 21 21 21 21 21 21 21 21 21 21 21 21 21 21 21 21 21 21 21 21 21 21 
9 0 3 9 11 5 9 10 21 21 21 21 21 21 21 21 21 21 21 21 21 21 21 21 21 21 21 21 21 21 21 21 21 21 21 21 21 21 21 21 21 21 21 21 21 21 21 21 21 21 21 21 21 21 21 21 21 21 21 21 21 
9 0 3 9 15 11 9 10 21 21 21 21 21 21 21 21 21 21 21 21 21 21 21 21 21 21 21 21 21 21 21 21 21 21 21 21 21 21 21 21 21 21 21 21 21 21 21 21 21 21 21 21 21 21 21 21 21 21 21 21 21 
9 0 3 9 15 5 11 10 21 21 21 21 21 21 21 21 21 21 21 21 21 21 21 21 21 21 21 21 21 21 21 21 21 21 21 21 21 21 21 21 21 21 21 21 21 21 21 21 21 21 21 21 21 21 21 21 21 21 21 21 21 
9 0 3 9 15 5 9 11 21 21 21 21 21 21 21 21 21 21 21 21 21 21 21 21 21 21 21 21 21 21 21 21 21 21 21 21 21 21 21 21 21 21 21 21 21 21 21 21 21 21 21 21 21 21 21 21 21 21 21 21 21 
17 4 11 15 15 8 3 2 21 21 21 21 21 21 21 21 21 21 21 21 21 21 21 21 21 21 21 21 21 21 21 21 21 21 21 21 21 21 21 21 21 21 21 21 21 21 21 21 21 21 21 21 21 21 21 21 21 21 21 21 21 
7 12 10 0 8 2 0 17 12 21 21 21 21 21 21 21 21 21 21 21 21 21 21 21 21 21 21 21 21 21 21 21 21 21 21 21 21 21 21 21 21 21 21 21 21 21 21 21 21 21 21 21 21 21 21 21 21 21 21 21 21 
17 11 4 11 15 15 8 3 2 21 21 21 21 21 21 21 21 21 21 21 21 21 21 21 21 21 21 21 21 21 21 21 21 21 21 21 21 21 21 21 21 21 21 21 21 21 21 21 21 21 21 21 21 21 21 21 21 21 21 21 21 
7 2 2 4 5 12 18 4 11 21 21 21 21 21 21 21 21 21 21 21 21 21 21 21 21 21 21 21 21 21 21 21 21 21 21 21 21 21 21 21 21 21 21 21 21 21 21 21 21 21 21 21 21 21 21 21 21 21 21 21 21 
1 14 2 14 14 18 2 17 1 21 21 21 21 21 21 21 21 21 21 21 21 21 21 21 21 21 21 21 21 21 21 21 21 21 21 21 21 21 21 21 21 21 21 21 21 21 21 21 21 21 21 21 21 21 21 21 21 21 21 21 21 
11 7 2 5 15 5 10 18 18 21 21 21 21 21 21 21 21 21 21 21 21 21 21 21 21 21 21 21 21 21 21 21 21 21 21 21 21 21 21 21 21 21 21 21 21 21 21 21 21 21 21 21 21 21 21 21 21 21 21 21 21 
11 7 2 5 15 5 10 18 18 21 21 21 21 21 21 21 21 21 21 21 21 21 21 21 21 21 21 21 21 21 21 21 21 21 21 21 21 21 21 21 21 21 21 21 21 21 21 21 21 21 21 21 21 21 21 21 21 21 21 21 21 
11 14 7 7 11 8 7 18 11 21 21 21 21 21 21 21 21 21 21 21 21 21 21 21 21 21 21 21 21 21 21 21 21 21 21 21 21 21 21 21 21 21 21 21 21 21 21 21 21 21 21 21 21 21 21 21 21 21 21 21 21 
1 4 18 5 18 7 1 21 21 21 21 21 21 21 21 21 21 21 21 21 21 21 21 21 21 21 21 21 21 21 21 21 21 21 21 21 21 21 21 21 21 21 21 21 21 21 21 21 21 21 21 21 21 21 21 21 21 21 21 21 21 
11 7 2 5 15 5 10 18 18 21 21 21 21 21 21 21 21 21 21 21 21 21 21 21 21 21 21 21 21 21 21 21 21 21 21 21 21 21 21 21 21 21 21 21 21 21 21 21 21 21 21 21 21 21 21 21 21 21 21 21 21 
7 2 2 4 5 12 18 4 11 21 21 21 21 21 21 21 21 21 21 21 21 21 21 21 21 21 21 21 21 21 21 21 21 21 21 21 21 21 21 21 21 21 21 21 21 21 21 21 21 21 21 21 21 21 21 21 21 21 21 21 21 
1 6 13 15 18 14 20 2 1 21 21 21 21 21 21 21 21 21 21 21 21 21 21 21 21 21 21 21 21 21 21 21 21 21 21 21 21 21 21 21 21 21 21 21 21 21 21 21 21 21 21 21 21 21 21 21 21 21 21 21 21 
13 2 16 13 2 16 16 2 13 21 21 21 21 21 21 21 21 21 21 21 21 21 21 21 21 21 21 21 21 21 21 21 21 21 21 21 21 21 21 21 21 21 21 21 21 21 21 21 21 21 21 21 21 21 21 21 21 21 21 21 21 
13 2 4 13 2 16 16 2 13 21 21 21 21 21 21 21 21 21 21 21 21 21 21 21 21 21 21 21 21 21 21 21 21 21 21 21 21 21 21 21 21 21 21 21 21 21 21 21 21 21 21 21 21 21 21 21 21 21 21 21 21 
13 2 4 13 2 18 8 2 13 21 21 21 21 21 21 21 21 21 21 21 21 21 21 21 21 21 21 21 21 21 21 21 21 21 21 21 21 21 21 21 21 21 21 21 21 21 21 21 21 21 21 21 21 21 21 21 21 21 21 21 21 
1 8 3 13 5 7 18 14 1 21 21 21 21 21 21 21 21 21 21 21 21 21 21 21 21 21 21 21 21 21 21 21 21 21 21 21 21 21 21 21 21 21 21 21 21 21 21 21 21 21 21 21 21 21 21 21 21 21 21 21 21 
10 2 12 1 13 7 10 3 7 21 21 21 21 21 21 21 21 21 21 21 21 21 21 21 21 21 21 21 21 21 21 21 21 21 21 21 21 21 21 21 21 21 21 21 21 21 21 21 21 21 21 21 21 21 21 21 21 21 21 21 21 
17 11 4 11 15 15 8 3 2 21 21 21 21 21 21 21 21 21 21 21 21 21 21 21 21 21 21 21 21 21 21 21 21 21 21 21 21 21 21 21 21 21 21 21 21 21 21 21 21 21 21 21 21 21 21 21 21 21 21 21 21 
17 11 4 11 15 15 8 3 2 21 21 21 21 21 21 21 21 21 21 21 21 21 21 21 21 21 21 21 21 21 21 21 21 21 21 21 21 21 21 21 21 21 21 21 21 21 21 21 21 21 21 21 21 21 21 21 21 21 21 21 21 
6 17 15 4 7 4 2 17 5 5 21 21 21 21 21 21 21 21 21 21 21 21 21 21 21 21 21 21 21 21 21 21 21 21 21 21 21 21 21 21 21 21 21 21 21 21 21 21 21 21 21 21 21 21 21 21 21 21 21 21 21 
4 7 2 2 4 5 12 18 4 11 21 21 21 21 21 21 21 21 21 21 21 21 21 21 21 21 21 21 21 21 21 21 21 21 21 21 21 21 21 21 21 21 21 21 21 21 21 21 21 21 21 21 21 21 21 21 21 21 21 21 21 
9 10 1 0 15 2 7 3 13 18 21 21 21 21 21 21 21 21 21 21 21 21 21 21 21 21 21 21 21 21 21 21 21 21 21 21 21 21 21 21 21 21 21 21 21 21 21 21 21 21 21 21 21 21 21 21 21 21 21 21 21 
7 9 2 5 3 10 9 3 9 10 21 21 21 21 21 21 21 21 21 21 21 21 21 21 21 21 21 21 21 21 21 21 21 21 21 21 21 21 21 21 21 21 21 21 21 21 21 21 21 21 21 21 21 21 21 21 21 21 21 21 21 
11 7 2 5 15 5 10 18 18 20 21 21 21 21 21 21 21 21 21 21 21 21 21 21 21 21 21 21 21 21 21 21 21 21 21 21 21 21 21 21 21 21 21 21 21 21 21 21 21 21 21 21 21 21 21 21 21 21 21 21 21 
11 7 2 5 15 5 10 18 18 20 21 21 21 21 21 21 21 21 21 21 21 21 21 21 21 21 21 21 21 21 21 21 21 21 21 21 21 21 21 21 21 21 21 21 21 21 21 21 21 21 21 21 21 21 21 21 21 21 21 21 21 
4 7 2 2 4 5 12 18 4 11 21 21 21 21 21 21 21 21 21 21 21 21 21 21 21 21 21 21 21 21 21 21 21 21 21 21 21 21 21 21 21 21 21 21 21 21 21 21 21 21 21 21 21 21 21 21 21 21 21 21 21 
7 2 2 4 5 12 18 4 21 21 21 21 21 21 21 21 21 21 21 21 21 21 21 21 21 21 21 21 21 21 21 21 21 21 21 21 21 21 21 21 21 21 21 21 21 21 21 21 21 21 21 21 21 21 21 21 21 21 21 21 21 
5 7 2 2 4 5 12 18 4 11 21 21 21 21 21 21 21 21 21 21 21 21 21 21 21 21 21 21 21 21 21 21 21 21 21 21 21 21 21 21 21 21 21 21 21 21 21 21 21 21 21 21 21 21 21 21 21 21 21 21 21 
5 5 18 18 10 13 17 13 13 5 21 21 21 21 21 21 21 21 21 21 21 21 21 21 21 21 21 21 21 21 21 21 21 21 21 21 21 21 21 21 21 21 21 21 21 21 21 21 21 21 21 21 21 21 21 21 21 21 21 21 21 
9 2 15 13 13 15 5 5 18 18 21 21 21 21 21 21 21 21 21 21 21 21 21 21 21 21 21 21 21 21 21 21 21 21 21 21 21 21 21 21 21 21 21 21 21 21 21 21 21 21 21 21 21 21 21 21 21 21 21 21 21 
13 13 15 10 13 17 5 5 18 18 21 21 21 21 21 21 21 21 21 21 21 21 21 21 21 21 21 21 21 21 21 21 21 21 21 21 21 21 21 21 21 21 21 21 21 21 21 21 21 21 21 21 21 21 21 21 21 21 21 21 21 
14 3 15 10 2 12 1 13 7 10 21 21 21 21 21 21 21 21 21 21 21 21 21 21 21 21 21 21 21 21 21 21 21 21 21 21 21 21 21 21 21 21 21 21 21 21 21 21 21 21 21 21 21 21 21 21 21 21 21 21 21 
10 2 12 1 13 7 10 3 7 6 21 21 21 21 21 21 21 21 21 21 21 21 21 21 21 21 21 21 21 21 21 21 21 21 21 21 21 21 21 21 21 21 21 21 21 21 21 21 21 21 21 21 21 21 21 21 21 21 21 21 21 
17 11 4 11 15 15 8 3 2 2 21 21 21 21 21 21 21 21 21 21 21 21 21 21 21 21 21 21 21 21 21 21 21 21 21 21 21 21 21 21 21 21 21 21 21 21 21 21 21 21 21 21 21 21 21 21 21 21 21 21 21 
17 11 4 11 15 15 8 3 2 2 21 21 21 21 21 21 21 21 21 21 21 21 21 21 21 21 21 21 21 21 21 21 21 21 21 21 21 21 21 21 21 21 21 21 21 21 21 21 21 21 21 21 21 21 21 21 21 21 21 21 21 
5 14 4 5 4 5 5 4 10 17 5 21 21 21 21 21 21 21 21 21 21 21 21 21 21 21 21 21 21 21 21 21 21 21 21 21 21 21 21 21 21 21 21 21 21 21 21 21 21 21 21 21 21 21 21 21 21 21 21 21 21 
5 14 4 5 4 5 5 4 10 17 5 21 21 21 21 21 21 21 21 21 21 21 21 21 21 21 21 21 21 21 21 21 21 21 21 21 21 21 21 21 21 21 21 21 21 21 21 21 21 21 21 21 21 21 21 21 21 21 21 21 21 
16 5 7 2 2 4 5 12 18 4 11 21 21 21 21 21 21 21 21 21 21 21 21 21 21 21 21 21 21 21 21 21 21 21 21 21 21 21 21 21 21 21 21 21 21 21 21 21 21 21 21 21 21 21 21 21 21 21 21 21 21 
10 2 12 1 13 7 10 3 7 6 3 21 21 21 21 21 21 21 21 21 21 21 21 21 21 21 21 21 21 21 21 21 21 21 21 21 21 21 21 21 21 21 21 21 21 21 21 21 21 21 21 21 21 21 21 21 21 21 21 21 21 
11 8 15 15 11 14 17 6 11 16 7 21 21 21 21 21 21 21 21 21 21 21 21 21 21 21 21 21 21 21 21 21 21 21 21 21 21 21 21 21 21 21 21 21 21 21 21 21 21 21 21 21 21 21 21 21 21 21 21 21 21 
7 14 7 17 11 4 11 15 15 8 3 2 21 21 21 21 21 21 21 21 21 21 21 21 21 21 21 21 21 21 21 21 21 21 21 21 21 21 21 21 21 21 21 21 21 21 21 21 21 21 21 21 21 21 21 21 21 21 21 21 21 
7 9 2 5 3 10 9 3 9 10 1 0 21 21 21 21 21 21 21 21 21 21 21 21 21 21 21 21 21 21 21 21 21 21 21 21 21 21 21 21 21 21 21 21 21 21 21 21 21 21 21 21 21 21 21 21 21 21 21 21 21 
9 3 9 10 1 0 15 2 7 3 13 18 21 21 21 21 21 21 21 21 21 21 21 21 21 21 21 21 21 21 21 21 21 21 21 21 21 21 21 21 21 21 21 21 21 21 21 21 21 21 21 21 21 21 21 21 21 21 21 21 21 
1 2 5 18 2 5 18 5 2 2 5 1 21 21 21 21 21 21 21 21 21 21 21 21 21 21 21 21 21 21 21 21 21 21 21 21 21 21 21 21 21 21 21 21 21 21 21 21 21 21 21 21 21 21 21 21 21 21 21 21 21 
7 18 16 7 7 2 3 1 15 2 5 6 21 21 21 21 21 21 21 21 21 21 21 21 21 21 21 21 21 21 21 21 21 21 21 21 21 21 21 21 21 21 21 21 21 21 21 21 21 21 21 21 21 21 21 21 21 21 21 21 21 
1 11 4 18 5 18 7 4 21 21 21 21 21 21 21 21 21 21 21 21 21 21 21 21 21 21 21 21 21 21 21 21 21 21 21 21 21 21 21 21 21 21 21 21 21 21 21 21 21 21 21 21 21 21 21 21 21 21 21 21 21 
3 4 7 2 2 4 5 12 18 4 11 11 21 21 21 21 21 21 21 21 21 21 21 21 21 21 21 21 21 21 21 21 21 21 21 21 21 21 21 21 21 21 21 21 21 21 21 21 21 21 21 21 21 21 21 21 21 21 21 21 21 
12 16 5 7 2 2 4 5 12 18 4 11 21 21 21 21 21 21 21 21 21 21 21 21 21 21 21 21 21 21 21 21 21 21 21 21 21 21 21 21 21 21 21 21 21 21 21 21 21 21 21 21 21 21 21 21 21 21 21 21 21 
18 18 18 18 17 5 8 10 5 5 6 4 21 21 21 21 21 21 21 21 21 21 21 21 21 21 21 21 21 21 21 21 21 21 21 21 21 21 21 21 21 21 21 21 21 21 21 21 21 21 21 21 21 21 21 21 21 21 21 21 21 
4 4 11 7 1 1 2 17 1 5 1 16 21 21 21 21 21 21 21 21 21 21 21 21 21 21 21 21 21 21 21 21 21 21 21 21 21 21 21 21 21 21 21 21 21 21 21 21 21 21 21 21 21 21 21 21 21 21 21 21 21 
16 5 10 2 12 5 10 5 11 12 12 14 21 21 21 21 21 21 21 21 21 21 21 21 21 21 21 21 21 21 21 21 21 21 21 21 21 21 21 21 21 21 21 21 21 21 21 21 21 21 21 21 21 21 21 21 21 21 21 21 21 
16 5 11 2 12 5 10 5 20 12 12 14 21 21 21 21 21 21 21 21 21 21 21 21 21 21 21 21 21 21 21 21 21 21 21 21 21 21 21 21 21 21 21 21 21 21 21 21 21 21 21 21 21 21 21 21 21 21 21 21 21 
16 5 10 11 12 5 10 5 20 12 12 14 21 21 21 21 21 21 21 21 21 21 21 21 21 21 21 21 21 21 21 21 21 21 21 21 21 21 21 21 21 21 21 21 21 21 21 21 21 21 21 21 21 21 21 21 21 21 21 21 21 
16 5 10 2 12 5 10 5 20 12 12 14 21 21 21 21 21 21 21 21 21 21 21 21 21 21 21 21 21 21 21 21 21 21 21 21 21 21 21 21 21 21 21 21 21 21 21 21 21 21 21 21 21 21 21 21 21 21 21 21 21 
11 5 10 2 12 5 10 5 20 12 12 14 21 21 21 21 21 21 21 21 21 21 21 21 21 21 21 21 21 21 21 21 21 21 21 21 21 21 21 21 21 21 21 21 21 21 21 21 21 21 21 21 21 21 21 21 21 21 21 21 21 
16 5 10 2 12 5 10 5 20 11 12 14 21 21 21 21 21 21 21 21 21 21 21 21 21 21 21 21 21 21 21 21 21 21 21 21 21 21 21 21 21 21 21 21 21 21 21 21 21 21 21 21 21 21 21 21 21 21 21 21 21 
16 5 10 2 12 5 10 11 20 12 12 14 21 21 21 21 21 21 21 21 21 21 21 21 21 21 21 21 21 21 21 21 21 21 21 21 21 21 21 21 21 21 21 21 21 21 21 21 21 21 21 21 21 21 21 21 21 21 21 21 21 
16 5 10 2 12 5 10 5 20 12 12 11 21 21 21 21 21 21 21 21 21 21 21 21 21 21 21 21 21 21 21 21 21 21 21 21 21 21 21 21 21 21 21 21 21 21 21 21 21 21 21 21 21 21 21 21 21 21 21 21 21 
16 5 10 2 12 5 10 5 20 12 11 14 21 21 21 21 21 21 21 21 21 21 21 21 21 21 21 21 21 21 21 21 21 21 21 21 21 21 21 21 21 21 21 21 21 21 21 21 21 21 21 21 21 21 21 21 21 21 21 21 21 
16 5 10 2 12 5 11 5 20 12 12 14 21 21 21 21 21 21 21 21 21 21 21 21 21 21 21 21 21 21 21 21 21 21 21 21 21 21 21 21 21 21 21 21 21 21 21 21 21 21 21 21 21 21 21 21 21 21 21 21 21 
9 2 15 13 13 15 10 11 17 13 11 5 21 21 21 21 21 21 21 21 21 21 21 21 21 21 21 21 21 21 21 21 21 21 21 21 21 21 21 21 21 21 21 21 21 21 21 21 21 21 21 21 21 21 21 21 21 21 21 21 21 
9 2 15 13 13 15 10 13 17 13 13 5 21 21 21 21 21 21 21 21 21 21 21 21 21 21 21 21 21 21 21 21 21 21 21 21 21 21 21 21 21 21 21 21 21 21 21 21 21 21 21 21 21 21 21 21 21 21 21 21 21 
16 15 14 14 14 13 11 6 6 6 6 5 21 21 21 21 21 21 21 21 21 21 21 21 21 21 21 21 21 21 21 21 21 21 21 21 21 21 21 21 21 21 21 21 21 21 21 21 21 21 21 21 21 21 21 21 21 21 21 21 21 
7 15 15 6 7 18 11 14 9 4 13 11 21 21 21 21 21 21 21 21 21 21 21 21 21 21 21 21 21 21 21 21 21 21 21 21 21 21 21 21 21 21 21 21 21 21 21 21 21 21 21 21 21 21 21 21 21 21 21 21 21 
13 18 6 7 7 6 6 7 10 14 2 9 21 21 21 21 21 21 21 21 21 21 21 21 21 21 21 21 21 21 21 21 21 21 21 21 21 21 21 21 21 21 21 21 21 21 21 21 21 21 21 21 21 21 21 21 21 21 21 21 21 
10 2 12 1 13 7 10 3 7 6 3 7 21 21 21 21 21 21 21 21 21 21 21 21 21 21 21 21 21 21 21 21 21 21 21 21 21 21 21 21 21 21 21 21 21 21 21 21 21 21 21 21 21 21 21 21 21 21 21 21 21 
20 18 9 0 3 9 15 5 9 10 4 8 21 21 21 21 21 21 21 21 21 21 21 21 21 21 21 21 21 21 21 21 21 21 21 21 21 21 21 21 21 21 21 21 21 21 21 21 21 21 21 21 21 21 21 21 21 21 21 21 21 
9 0 3 9 15 5 9 10 4 8 10 6 21 21 21 21 21 21 21 21 21 21 21 21 21 21 21 21 21 21 21 21 21 21 21 21 21 21 21 21 21 21 21 21 21 21 21 21 21 21 21 21 21 21 21 21 21 21 21 21 21 
20 2 20 18 9 0 3 9 15 5 9 10 21 21 21 21 21 21 21 21 21 21 21 21 21 21 21 21 21 21 21 21 21 21 21 21 21 21 21 21 21 21 21 21 21 21 21 21 21 21 21 21 21 21 21 21 21 21 21 21 21 
11 14 16 14 10 1 3 5 8 16 14 9 21 21 21 21 21 21 21 21 21 21 21 21 21 21 21 21 21 21 21 21 21 21 21 21 21 21 21 21 21 21 21 21 21 21 21 21 21 21 21 21 21 21 21 21 21 21 21 21 21 
11 1 13 6 9 4 8 14 9 1 4 4 18 21 21 21 21 21 21 21 21 21 21 21 21 21 21 21 21 21 21 21 21 21 21 21 21 21 21 21 21 21 21 21 21 21 21 21 21 21 21 21 21 21 21 21 21 21 21 21 21 
11 1 13 6 9 4 8 14 9 1 4 4 18 21 21 21 21 21 21 21 21 21 21 21 21 21 21 21 21 21 21 21 21 21 21 21 21 21 21 21 21 21 21 21 21 21 21 21 21 21 21 21 21 21 21 21 21 21 21 21 21 
11 1 13 6 9 4 18 0 17 1 4 4 18 21 21 21 21 21 21 21 21 21 21 21 21 21 21 21 21 21 21 21 21 21 21 21 21 21 21 21 21 21 21 21 21 21 21 21 21 21 21 21 21 21 21 21 21 21 21 21 21 
11 1 13 6 9 4 18 0 17 1 4 4 18 21 21 21 21 21 21 21 21 21 21 21 21 21 21 21 21 21 21 21 21 21 21 21 21 21 21 21 21 21 21 21 21 21 21 21 21 21 21 21 21 21 21 21 21 21 21 21 21 
11 1 13 6 9 4 8 20 9 1 4 4 18 21 21 21 21 21 21 21 21 21 21 21 21 21 21 21 21 21 21 21 21 21 21 21 21 21 21 21 21 21 21 21 21 21 21 21 21 21 21 21 21 21 21 21 21 21 21 21 21 
11 1 13 6 9 4 8 20 9 1 4 4 18 21 21 21 21 21 21 21 21 21 21 21 21 21 21 21 21 21 21 21 21 21 21 21 21 21 21 21 21 21 21 21 21 21 21 21 21 21 21 21 21 21 21 21 21 21 21 21 21 
10 2 6 9 18 9 6 9 9 6 9 5 5 21 21 21 21 21 21 21 21 21 21 21 21 21 21 21 21 21 21 21 21 21 21 21 21 21 21 21 21 21 21 21 21 21 21 21 21 21 21 21 21 21 21 21 21 21 21 21 21 
7 9 2 5 3 10 9 3 9 10 1 0 15 21 21 21 21 21 21 21 21 21 21 21 21 21 21 21 21 21 21 21 21 21 21 21 21 21 21 21 21 21 21 21 21 21 21 21 21 21 21 21 21 21 21 21 21 21 21 21 21 
14 3 15 10 2 12 1 13 7 10 3 7 6 21 21 21 21 21 21 21 21 21 21 21 21 21 21 21 21 21 21 21 21 21 21 21 21 21 21 21 21 21 21 21 21 21 21 21 21 21 21 21 21 21 21 21 21 21 21 21 21 
1 13 7 10 3 7 6 3 7 2 0 8 10 21 21 21 21 21 21 21 21 21 21 21 21 21 21 21 21 21 21 21 21 21 21 21 21 21 21 21 21 21 21 21 21 21 21 21 21 21 21 21 21 21 21 21 21 21 21 21 21 
10 2 12 1 13 7 10 3 7 6 3 7 2 21 21 21 21 21 21 21 21 21 21 21 21 21 21 21 21 21 21 21 21 21 21 21 21 21 21 21 21 21 21 21 21 21 21 21 21 21 21 21 21 21 21 21 21 21 21 21 21 
10 13 18 11 10 9 7 4 10 18 7 2 13 21 21 21 21 21 21 21 21 21 21 21 21 21 21 21 21 21 21 21 21 21 21 21 21 21 21 21 21 21 21 21 21 21 21 21 21 21 21 21 21 21 21 21 21 21 21 21 21 
17 5 9 5 4 6 14 11 11 13 2 7 2 15 21 21 21 21 21 21 21 21 21 21 21 21 21 21 21 21 21 21 21 21 21 21 21 21 21 21 21 21 21 21 21 21 21 21 21 21 21 21 21 21 21 21 21 21 21 21 21 
5 5 4 5 14 4 5 4 5 5 4 10 17 5 21 21 21 21 21 21 21 21 21 21 21 21 21 21 21 21 21 21 21 21 21 21 21 21 21 21 21 21 21 21 21 21 21 21 21 21 21 21 21 21 21 21 21 21 21 21 21 
7 9 2 5 3 10 9 3 9 10 1 0 15 2 21 21 21 21 21 21 21 21 21 21 21 21 21 21 21 21 21 21 21 21 21 21 21 21 21 21 21 21 21 21 21 21 21 21 21 21 21 21 21 21 21 21 21 21 21 21 21 
3 10 9 3 9 10 1 0 15 2 7 3 13 18 21 21 21 21 21 21 21 21 21 21 21 21 21 21 21 21 21 21 21 21 21 21 21 21 21 21 21 21 21 21 21 21 21 21 21 21 21 21 21 21 21 21 21 21 21 21 21 
5 5 4 5 14 4 5 4 5 5 4 10 17 5 21 21 21 21 21 21 21 21 21 21 21 21 21 21 21 21 21 21 21 21 21 21 21 21 21 21 21 21 21 21 21 21 21 21 21 21 21 21 21 21 21 21 21 21 21 21 21 
5 5 4 5 10 4 5 8 6 7 20 15 4 3 21 21 21 21 21 21 21 21 21 21 21 21 21 21 21 21 21 21 21 21 21 21 21 21 21 21 21 21 21 21 21 21 21 21 21 21 21 21 21 21 21 21 21 21 21 21 21 
5 5 4 5 15 4 5 8 6 8 20 15 4 3 21 21 21 21 21 21 21 21 21 21 21 21 21 21 21 21 21 21 21 21 21 21 21 21 21 21 21 21 21 21 21 21 21 21 21 21 21 21 21 21 21 21 21 21 21 21 21 
5 5 4 5 14 4 5 4 5 5 4 10 17 5 21 21 21 21 21 21 21 21 21 21 21 21 21 21 21 21 21 21 21 21 21 21 21 21 21 21 21 21 21 21 21 21 21 21 21 21 21 21 21 21 21 21 21 21 21 21 21 
5 5 4 5 14 4 5 4 5 5 4 10 17 5 21 21 21 21 21 21 21 21 21 21 21 21 21 21 21 21 21 21 21 21 21 21 21 21 21 21 21 21 21 21 21 21 21 21 21 21 21 21 21 21 21 21 21 21 21 21 21 
5 5 4 5 10 4 5 8 6 7 20 15 4 3 21 21 21 21 21 21 21 21 21 21 21 21 21 21 21 21 21 21 21 21 21 21 21 21 21 21 21 21 21 21 21 21 21 21 21 21 21 21 21 21 21 21 21 21 21 21 21 
5 5 4 5 10 4 5 8 6 7 20 15 4 3 21 21 21 21 21 21 21 21 21 21 21 21 21 21 21 21 21 21 21 21 21 21 21 21 21 21 21 21 21 21 21 21 21 21 21 21 21 21 21 21 21 21 21 21 21 21 21 
5 5 4 5 15 4 5 8 6 8 20 15 4 3 21 21 21 21 21 21 21 21 21 21 21 21 21 21 21 21 21 21 21 21 21 21 21 21 21 21 21 21 21 21 21 21 21 21 21 21 21 21 21 21 21 21 21 21 21 21 21 
12 11 8 11 4 2 20 2 2 4 13 10 2 11 21 21 21 21 21 21 21 21 21 21 21 21 21 21 21 21 21 21 21 21 21 21 21 21 21 21 21 21 21 21 21 21 21 21 21 21 21 21 21 21 21 21 21 21 21 21 21 
10 2 12 1 13 7 10 3 7 6 3 7 2 0 21 21 21 21 21 21 21 21 21 21 21 21 21 21 21 21 21 21 21 21 21 21 21 21 21 21 21 21 21 21 21 21 21 21 21 21 21 21 21 21 21 21 21 21 21 21 21 
0 1 5 7 14 7 17 11 4 11 15 15 8 3 2 21 21 21 21 21 21 21 21 21 21 21 21 21 21 21 21 21 21 21 21 21 21 21 21 21 21 21 21 21 21 21 21 21 21 21 21 21 21 21 21 21 21 21 21 21 21 
5 4 10 2 10 16 8 14 10 13 4 0 20 15 13 21 21 21 21 21 21 21 21 21 21 21 21 21 21 21 21 21 21 21 21 21 21 21 21 21 21 21 21 21 21 21 21 21 21 21 21 21 21 21 21 21 21 21 21 21 21 
7 7 7 14 7 14 20 15 20 10 2 7 8 11 2 21 21 21 21 21 21 21 21 21 21 21 21 21 21 21 21 21 21 21 21 21 21 21 21 21 21 21 21 21 21 21 21 21 21 21 21 21 21 21 21 21 21 21 21 21 21 
5 5 2 20 15 4 4 4 14 2 18 13 13 2 14 21 21 21 21 21 21 21 21 21 21 21 21 21 21 21 21 21 21 21 21 21 21 21 21 21 21 21 21 21 21 21 21 21 21 21 21 21 21 21 21 21 21 21 21 21 21 
10 2 12 1 13 7 10 3 7 6 3 7 2 0 8 21 21 21 21 21 21 21 21 21 21 21 21 21 21 21 21 21 21 21 21 21 21 21 21 21 21 21 21 21 21 21 21 21 21 21 21 21 21 21 21 21 21 21 21 21 21 
4 9 9 17 18 4 5 11 5 6 15 7 11 15 11 21 21 21 21 21 21 21 21 21 21 21 21 21 21 21 21 21 21 21 21 21 21 21 21 21 21 21 21 21 21 21 21 21 21 21 21 21 21 21 21 21 21 21 21 21 21 
5 11 15 9 5 16 7 15 11 14 6 7 16 7 15 21 21 21 21 21 21 21 21 21 21 21 21 21 21 21 21 21 21 21 21 21 21 21 21 21 21 21 21 21 21 21 21 21 21 21 21 21 21 21 21 21 21 21 21 21 21 
4 11 9 17 18 4 5 11 5 6 15 7 11 15 11 21 21 21 21 21 21 21 21 21 21 21 21 21 21 21 21 21 21 21 21 21 21 21 21 21 21 21 21 21 21 21 21 21 21 21 21 21 21 21 21 21 21 21 21 21 21 
4 9 9 17 18 4 5 11 5 11 15 7 11 15 11 21 21 21 21 21 21 21 21 21 21 21 21 21 21 21 21 21 21 21 21 21 21 21 21 21 21 21 21 21 21 21 21 21 21 21 21 21 21 21 21 21 21 21 21 21 21 
11 15 11 7 15 6 5 11 5 4 18 17 9 9 4 21 21 21 21 21 21 21 21 21 21 21 21 21 21 21 21 21 21 21 21 21 21 21 21 21 21 21 21 21 21 21 21 21 21 21 21 21 21 21 21 21 21 21 21 21 21 
3 13 5 5 2 6 4 11 13 9 20 2 5 20 6 21 21 21 21 21 21 21 21 21 21 21 21 21 21 21 21 21 21 21 21 21 21 21 21 21 21 21 21 21 21 21 21 21 21 21 21 21 21 21 21 21 21 21 21 21 21 
11 0 14 15 0 7 1 2 11 18 6 16 14 0 8 21 21 21 21 21 21 21 21 21 21 21 21 21 21 21 21 21 21 21 21 21 21 21 21 21 21 21 21 21 21 21 21 21 21 21 21 21 21 21 21 21 21 21 21 21 21 
11 3 4 7 2 2 4 5 12 18 4 11 11 4 21 21 21 21 21 21 21 21 21 21 21 21 21 21 21 21 21 21 21 21 21 21 21 21 21 21 21 21 21 21 21 21 21 21 21 21 21 21 21 21 21 21 21 21 21 21 21 
18 8 4 5 18 2 1 2 3 2 20 11 11 2 17 21 21 21 21 21 21 21 21 21 21 21 21 21 21 21 21 21 21 21 21 21 21 21 21 21 21 21 21 21 21 21 21 21 21 21 21 21 21 21 21 21 21 21 21 21 21 
11 11 2 17 18 18 18 10 10 18 18 2 2 0 7 21 21 21 21 21 21 21 21 21 21 21 21 21 21 21 21 21 21 21 21 21 21 21 21 21 21 21 21 21 21 21 21 21 21 21 21 21 21 21 21 21 21 21 21 21 21 
6 5 6 10 7 17 2 18 4 7 7 4 4 6 2 21 21 21 21 21 21 21 21 21 21 21 21 21 21 21 21 21 21 21 21 21 21 21 21 21 21 21 21 21 21 21 21 21 21 21 21 21 21 21 21 21 21 21 21 21 21 
10 2 12 1 13 7 10 3 7 6 3 7 2 0 8 21 21 21 21 21 21 21 21 21 21 21 21 21 21 21 21 21 21 21 21 21 21 21 21 21 21 21 21 21 21 21 21 21 21 21 21 21 21 21 21 21 21 21 21 21 21 
4 20 6 0 0 4 11 6 1 20 15 15 2 20 4 11 21 21 21 21 21 21 21 21 21 21 21 21 21 21 21 21 21 21 21 21 21 21 21 21 21 21 21 21 21 21 21 21 21 21 21 21 21 21 21 21 21 21 21 21 21 
18 4 7 15 15 10 15 4 5 10 10 2 7 4 5 18 21 21 21 21 21 21 21 21 21 21 21 21 21 21 21 21 21 21 21 21 21 21 21 21 21 21 21 21 21 21 21 21 21 21 21 21 21 21 21 21 21 21 21 21 21 
15 5 2 4 7 10 7 15 10 4 10 15 5 4 18 18 21 21 21 21 21 21 21 21 21 21 21 21 21 21 21 21 21 21 21 21 21 21 21 21 21 21 21 21 21 21 21 21 21 21 21 21 21 21 21 21 21 21 21 21 21 
4 7 5 15 20 10 5 1 5 13 5 8 7 14 5 21 21 21 21 21 21 21 21 21 21 21 21 21 21 21 21 21 21 21 21 21 21 21 21 21 21 21 21 21 21 21 21 21 21 21 21 21 21 21 21 21 21 21 21 21 21 
7 9 2 5 3 10 9 3 9 10 1 0 15 2 7 3 21 21 21 21 21 21 21 21 21 21 21 21 21 21 21 21 21 21 21 21 21 21 21 21 21 21 21 21 21 21 21 21 21 21 21 21 21 21 21 21 21 21 21 21 21 
2 5 3 10 9 3 9 10 1 0 15 2 7 3 13 18 21 21 21 21 21 21 21 21 21 21 21 21 21 21 21 21 21 21 21 21 21 21 21 21 21 21 21 21 21 21 21 21 21 21 21 21 21 21 21 21 21 21 21 21 21 
12 11 8 11 4 2 20 2 2 4 13 10 2 11 13 2 21 21 21 21 21 21 21 21 21 21 21 21 21 21 21 21 21 21 21 21 21 21 21 21 21 21 21 21 21 21 21 21 21 21 21 21 21 21 21 21 21 21 21 21 21 
9 2 15 13 13 15 10 13 17 13 13 5 5 5 18 18 21 21 21 21 21 21 21 21 21 21 21 21 21 21 21 21 21 21 21 21 21 21 21 21 21 21 21 21 21 21 21 21 21 21 21 21 21 21 21 21 21 21 21 21 21 
5 5 18 18 9 2 15 13 13 15 10 13 17 13 13 5 21 21 21 21 21 21 21 21 21 21 21 21 21 21 21 21 21 21 21 21 21 21 21 21 21 21 21 21 21 21 21 21 21 21 21 21 21 21 21 21 21 21 21 21 21 
14 3 15 10 2 12 1 13 7 10 3 7 6 3 7 2 21 21 21 21 21 21 21 21 21 21 21 21 21 21 21 21 21 21 21 21 21 21 21 21 21 21 21 21 21 21 21 21 21 21 21 21 21 21 21 21 21 21 21 21 21 
10 2 12 1 13 7 10 3 7 6 3 7 2 0 8 10 21 21 21 21 21 21 21 21 21 21 21 21 21 21 21 21 21 21 21 21 21 21 21 21 21 21 21 21 21 21 21 21 21 21 21 21 21 21 21 21 21 21 21 21 21 
5 4 4 7 15 15 10 15 4 5 10 10 2 7 4 5 18 21 21 21 21 21 21 21 21 21 21 21 21 21 21 21 21 21 21 21 21 21 21 21 21 21 21 21 21 21 21 21 21 21 21 21 21 21 21 21 21 21 21 21 21 
13 18 2 5 11 18 10 18 15 5 2 5 11 18 10 18 2 21 21 21 21 21 21 21 21 21 21 21 21 21 21 21 21 21 21 21 21 21 21 21 21 21 21 21 21 21 21 21 21 21 21 21 21 21 21 21 21 21 21 21 21 
5 14 20 5 5 4 5 14 4 5 4 18 6 4 10 17 5 21 21 21 21 21 21 21 21 21 21 21 21 21 21 21 21 21 21 21 21 21 21 21 21 21 21 21 21 21 21 21 21 21 21 21 21 21 21 21 21 21 21 21 21 
7 14 20 5 5 4 5 14 4 5 4 5 5 4 10 17 5 21 21 21 21 21 21 21 21 21 21 21 21 21 21 21 21 21 21 21 21 21 21 21 21 21 21 21 21 21 21 21 21 21 21 21 21 21 21 21 21 21 21 21 21 
5 14 20 5 5 4 5 14 4 5 4 18 6 4 10 17 5 21 21 21 21 21 21 21 21 21 21 21 21 21 21 21 21 21 21 21 21 21 21 21 21 21 21 21 21 21 21 21 21 21 21 21 21 21 21 21 21 21 21 21 21 
7 14 20 5 5 4 5 14 4 5 4 5 5 4 10 17 5 21 21 21 21 21 21 21 21 21 21 21 21 21 21 21 21 21 21 21 21 21 21 21 21 21 21 21 21 21 21 21 21 21 21 21 21 21 21 21 21 21 21 21 21 
5 14 20 5 5 4 5 14 4 5 4 18 6 4 10 17 5 21 21 21 21 21 21 21 21 21 21 21 21 21 21 21 21 21 21 21 21 21 21 21 21 21 21 21 21 21 21 21 21 21 21 21 21 21 21 21 21 21 21 21 21 
7 14 20 5 5 4 5 14 4 5 4 5 5 4 10 17 5 21 21 21 21 21 21 21 21 21 21 21 21 21 21 21 21 21 21 21 21 21 21 21 21 21 21 21 21 21 21 21 21 21 21 21 21 21 21 21 21 21 21 21 21 
2 2 3 1 9 15 5 2 4 5 17 2 2 5 5 2 18 21 21 21 21 21 21 21 21 21 21 21 21 21 21 21 21 21 21 21 21 21 21 21 21 21 21 21 21 21 21 21 21 21 21 21 21 21 21 21 21 21 21 21 21 
2 13 5 2 10 18 7 2 10 18 5 2 15 7 11 13 18 21 21 21 21 21 21 21 21 21 21 21 21 21 21 21 21 21 21 21 21 21 21 21 21 21 21 21 21 21 21 21 21 21 21 21 21 21 21 21 21 21 21 21 21 
15 10 2 12 1 13 7 10 3 7 6 3 7 2 0 8 10 21 21 21 21 21 21 21 21 21 21 21 21 21 21 21 21 21 21 21 21 21 21 21 21 21 21 21 21 21 21 21 21 21 21 21 21 21 21 21 21 21 21 21 21 
18 6 6 7 18 6 8 8 3 13 16 13 0 15 13 8 13 21 21 21 21 21 21 21 21 21 21 21 21 21 21 21 21 21 21 21 21 21 21 21 21 21 21 21 21 21 21 21 21 21 21 21 21 21 21 21 21 21 21 21 21 
2 13 4 2 10 6 7 2 10 4 4 2 15 7 11 13 18 21 21 21 21 21 21 21 21 21 21 21 21 21 21 21 21 21 21 21 21 21 21 21 21 21 21 21 21 21 21 21 21 21 21 21 21 21 21 21 21 21 21 21 21 
2 13 4 2 10 6 7 2 10 4 4 2 15 7 11 13 18 21 21 21 21 21 21 21 21 21 21 21 21 21 21 21 21 21 21 21 21 21 21 21 21 21 21 21 21 21 21 21 21 21 21 21 21 21 21 21 21 21 21 21 21 
2 13 4 2 10 6 7 2 10 4 4 2 15 7 11 13 18 21 21 21 21 21 21 21 21 21 21 21 21 21 21 21 21 21 21 21 21 21 21 21 21 21 21 21 21 21 21 21 21 21 21 21 21 21 21 21 21 21 21 21 21 
11 11 2 0 11 18 10 1 16 20 10 0 17 17 13 4 3 13 21 21 21 21 21 21 21 21 21 21 21 21 21 21 21 21 21 21 21 21 21 21 21 21 21 21 21 21 21 21 21 21 21 21 21 21 21 21 21 21 21 21 21 
7 9 2 5 3 10 9 3 9 10 1 0 15 2 7 3 13 18 21 21 21 21 21 21 21 21 21 21 21 21 21 21 21 21 21 21 21 21 21 21 21 21 21 21 21 21 21 21 21 21 21 21 21 21 21 21 21 21 21 21 21 
7 9 5 2 10 3 9 3 9 10 1 0 15 2 7 3 13 18 21 21 21 21 21 21 21 21 21 21 21 21 21 21 21 21 21 21 21 21 21 21 21 21 21 21 21 21 21 21 21 21 21 21 21 21 21 21 21 21 21 21 21 
7 9 5 2 3 10 9 3 9 10 1 0 7 15 2 3 13 18 21 21 21 21 21 21 21 21 21 21 21 21 21 21 21 21 21 21 21 21 21 21 21 21 21 21 21 21 21 21 21 21 21 21 21 21 21 21 21 21 21 21 21 
3 9 2 18 11 13 17 3 18 15 11 0 18 2 18 0 11 13 21 21 21 21 21 21 21 21 21 21 21 21 21 21 21 21 21 21 21 21 21 21 21 21 21 21 21 21 21 21 21 21 21 21 21 21 21 21 21 21 21 21 21 
18 13 3 7 2 15 0 1 10 9 3 9 10 3 5 2 9 7 21 21 21 21 21 21 21 21 21 21 21 21 21 21 21 21 21 21 21 21 21 21 21 21 21 21 21 21 21 21 21 21 21 21 21 21 21 21 21 21 21 21 21 
18 13 3 7 2 15 0 1 10 9 3 9 10 3 5 2 9 7 21 21 21 21 21 21 21 21 21 21 21 21 21 21 21 21 21 21 21 21 21 21 21 21 21 21 21 21 21 21 21 21 21 21 21 21 21 21 21 21 21 21 21 
18 9 2 1 5 10 9 7 9 10 7 3 15 2 3 3 13 0 21 21 21 21 21 21 21 21 21 21 21 21 21 21 21 21 21 21 21 21 21 21 21 21 21 21 21 21 21 21 21 21 21 21 21 21 21 21 21 21 21 21 21 
7 10 9 5 3 9 15 3 2 10 1 0 13 2 7 3 9 18 21 21 21 21 21 21 21 21 21 21 21 21 21 21 21 21 21 21 21 21 21 21 21 21 21 21 21 21 21 21 21 21 21 21 21 21 21 21 21 21 21 21 21 
7 9 2 5 3 15 9 3 9 10 1 14 15 2 14 3 13 18 21 21 21 21 21 21 21 21 21 21 21 21 21 21 21 21 21 21 21 21 21 21 21 21 21 21 21 21 21 21 21 21 21 21 21 21 21 21 21 21 21 21 21 
7 9 2 5 3 15 9 3 9 15 1 14 10 2 14 3 13 18 21 21 21 21 21 21 21 21 21 21 21 21 21 21 21 21 21 21 21 21 21 21 21 21 21 21 21 21 21 21 21 21 21 21 21 21 21 21 21 21 21 21 21 
3 9 2 5 10 10 9 3 9 15 1 7 15 15 7 3 13 18 21 21 21 21 21 21 21 21 21 21 21 21 21 21 21 21 21 21 21 21 21 21 21 21 21 21 21 21 21 21 21 21 21 21 21 21 21 21 21 21 21 21 21 
7 9 2 9 0 15 9 3 9 15 2 16 15 2 7 3 13 18 21 21 21 21 21 21 21 21 21 21 21 21 21 21 21 21 21 21 21 21 21 21 21 21 21 21 21 21 21 21 21 21 21 21 21 21 21 21 21 21 21 21 21 
14 9 2 5 11 10 9 3 9 15 1 14 11 2 14 3 13 18 21 21 21 21 21 21 21 21 21 21 21 21 21 21 21 21 21 21 21 21 21 21 21 21 21 21 21 21 21 21 21 21 21 21 21 21 21 21 21 21 21 21 21 
7 9 2 5 3 15 9 3 9 15 1 14 15 2 7 3 13 18 21 21 21 21 21 21 21 21 21 21 21 21 21 21 21 21 21 21 21 21 21 21 21 21 21 21 21 21 21 21 21 21 21 21 21 21 21 21 21 21 21 21 21 
7 9 2 5 3 10 9 3 9 10 7 0 15 2 7 3 13 18 21 21 21 21 21 21 21 21 21 21 21 21 21 21 21 21 21 21 21 21 21 21 21 21 21 21 21 21 21 21 21 21 21 21 21 21 21 21 21 21 21 21 21 
7 9 2 5 3 10 9 3 9 10 5 0 15 2 7 3 13 18 21 21 21 21 21 21 21 21 21 21 21 21 21 21 21 21 21 21 21 21 21 21 21 21 21 21 21 21 21 21 21 21 21 21 21 21 21 21 21 21 21 21 21 
7 9 2 5 3 10 9 3 9 10 0 0 15 2 7 3 13 18 21 21 21 21 21 21 21 21 21 21 21 21 21 21 21 21 21 21 21 21 21 21 21 21 21 21 21 21 21 21 21 21 21 21 21 21 21 21 21 21 21 21 21 
7 9 2 3 3 10 9 3 9 10 1 0 15 2 7 3 13 0 21 21 21 21 21 21 21 21 21 21 21 21 21 21 21 21 21 21 21 21 21 21 21 21 21 21 21 21 21 21 21 21 21 21 21 21 21 21 21 21 21 21 21 
7 9 2 5 3 10 9 3 9 10 1 0 15 2 7 3 13 18 21 21 21 21 21 21 21 21 21 21 21 21 21 21 21 21 21 21 21 21 21 21 21 21 21 21 21 21 21 21 21 21 21 21 21 21 21 21 21 21 21 21 21 
7 9 2 5 3 10 9 3 9 10 1 18 15 2 7 3 13 18 21 21 21 21 21 21 21 21 21 21 21 21 21 21 21 21 21 21 21 21 21 21 21 21 21 21 21 21 21 21 21 21 21 21 21 21 21 21 21 21 21 21 21 
7 9 2 3 5 10 9 5 9 10 1 18 15 2 7 5 13 0 21 21 21 21 21 21 21 21 21 21 21 21 21 21 21 21 21 21 21 21 21 21 21 21 21 21 21 21 21 21 21 21 21 21 21 21 21 21 21 21 21 21 21 
7 9 2 5 3 10 9 5 9 10 1 18 15 2 7 5 13 18 21 21 21 21 21 21 21 21 21 21 21 21 21 21 21 21 21 21 21 21 21 21 21 21 21 21 21 21 21 21 21 21 21 21 21 21 21 21 21 21 21 21 21 
7 9 2 5 5 10 9 5 9 10 1 18 15 2 7 5 13 18 21 21 21 21 21 21 21 21 21 21 21 21 21 21 21 21 21 21 21 21 21 21 21 21 21 21 21 21 21 21 21 21 21 21 21 21 21 21 21 21 21 21 21 
12 11 8 11 4 2 20 2 2 4 13 10 2 11 13 2 4 9 21 21 21 21 21 21 21 21 21 21 21 21 21 21 21 21 21 21 21 21 21 21 21 21 21 21 21 21 21 21 21 21 21 21 21 21 21 21 21 21 21 21 21 
4 2 20 2 2 4 13 10 2 11 13 2 4 9 10 4 11 10 21 21 21 21 21 21 21 21 21 21 21 21 21 21 21 21 21 21 21 21 21 21 21 21 21 21 21 21 21 21 21 21 21 21 21 21 21 21 21 21 21 21 21 
2 2 4 13 10 2 11 13 2 4 9 10 4 11 10 15 7 14 21 21 21 21 21 21 21 21 21 21 21 21 21 21 21 21 21 21 21 21 21 21 21 21 21 21 21 21 21 21 21 21 21 21 21 21 21 21 21 21 21 21 21 
13 10 2 11 13 2 4 9 10 4 11 10 15 7 14 11 2 6 21 21 21 21 21 21 21 21 21 21 21 21 21 21 21 21 21 21 21 21 21 21 21 21 21 21 21 21 21 21 21 21 21 21 21 21 21 21 21 21 21 21 21 
11 13 2 4 9 10 4 11 10 15 7 14 11 2 6 20 9 5 21 21 21 21 21 21 21 21 21 21 21 21 21 21 21 21 21 21 21 21 21 21 21 21 21 21 21 21 21 21 21 21 21 21 21 21 21 21 21 21 21 21 21 
4 9 10 4 11 10 15 7 14 11 2 6 20 9 5 10 17 7 21 21 21 21 21 21 21 21 21 21 21 21 21 21 21 21 21 21 21 21 21 21 21 21 21 21 21 21 21 21 21 21 21 21 21 21 21 21 21 21 21 21 21 
4 11 10 15 7 14 11 2 6 20 9 5 10 17 7 17 11 4 21 21 21 21 21 21 21 21 21 21 21 21 21 21 21 21 21 21 21 21 21 21 21 21 21 21 21 21 21 21 21 21 21 21 21 21 21 21 21 21 21 21 21 
15 7 14 11 2 6 20 9 5 10 17 7 17 11 4 3 8 10 21 21 21 21 21 21 21 21 21 21 21 21 21 21 21 21 21 21 21 21 21 21 21 21 21 21 21 21 21 21 21 21 21 21 21 21 21 21 21 21 21 21 21 
11 2 6 20 9 5 10 17 7 17 11 4 3 8 10 15 14 11 21 21 21 21 21 21 21 21 21 21 21 21 21 21 21 21 21 21 21 21 21 21 21 21 21 21 21 21 21 21 21 21 21 21 21 21 21 21 21 21 21 21 21 
11 4 11 2 12 13 11 9 2 2 2 4 2 20 4 10 13 8 21 21 21 21 21 21 21 21 21 21 21 21 21 21 21 21 21 21 21 21 21 21 21 21 21 21 21 21 21 21 21 21 21 21 21 21 21 21 21 21 21 21 21 
12 11 7 11 4 12 20 10 2 4 15 15 2 14 2 2 4 9 21 21 21 21 21 21 21 21 21 21 21 21 21 21 21 21 21 21 21 21 21 21 21 21 21 21 21 21 21 21 21 21 21 21 21 21 21 21 21 21 21 21 21 
12 11 8 7 4 2 20 2 2 4 13 7 12 11 2 2 4 9 21 21 21 21 21 21 21 21 21 21 21 21 21 21 21 21 21 21 21 21 21 21 21 21 21 21 21 21 21 21 21 21 21 21 21 21 21 21 21 21 21 21 21 
12 11 7 14 4 2 0 2 2 4 12 14 2 11 15 2 4 9 21 21 21 21 21 21 21 21 21 21 21 21 21 21 21 21 21 21 21 21 21 21 21 21 21 21 21 21 21 21 21 21 21 21 21 21 21 21 21 21 21 21 21 
11 4 3 3 20 4 2 3 18 1 15 6 8 7 18 0 18 21 21 21 21 21 21 21 21 21 21 21 21 21 21 21 21 21 21 21 21 21 21 21 21 21 21 21 21 21 21 21 21 21 21 21 21 21 21 21 21 21 21 21 21 
2 2 3 1 9 15 5 2 4 5 17 2 2 5 5 2 18 14 21 21 21 21 21 21 21 21 21 21 21 21 21 21 21 21 21 21 21 21 21 21 21 21 21 21 21 21 21 21 21 21 21 21 21 21 21 21 21 21 21 21 21 
2 3 1 9 15 5 2 4 5 17 2 2 5 5 2 18 14 6 21 21 21 21 21 21 21 21 21 21 21 21 21 21 21 21 21 21 21 21 21 21 21 21 21 21 21 21 21 21 21 21 21 21 21 21 21 21 21 21 21 21 21 
3 1 9 15 5 2 4 5 17 2 2 5 5 2 18 14 6 13 21 21 21 21 21 21 21 21 21 21 21 21 21 21 21 21 21 21 21 21 21 21 21 21 21 21 21 21 21 21 21 21 21 21 21 21 21 21 21 21 21 21 21 
1 9 15 5 2 4 5 17 2 2 5 5 2 18 14 6 13 14 21 21 21 21 21 21 21 21 21 21 21 21 21 21 21 21 21 21 21 21 21 21 21 21 21 21 21 21 21 21 21 21 21 21 21 21 21 21 21 21 21 21 21 
9 15 5 2 4 5 17 2 2 5 5 2 18 14 6 13 14 5 21 21 21 21 21 21 21 21 21 21 21 21 21 21 21 21 21 21 21 21 21 21 21 21 21 21 21 21 21 21 21 21 21 21 21 21 21 21 21 21 21 21 21 
15 5 2 4 5 17 2 2 5 5 2 18 14 6 13 14 5 2 21 21 21 21 21 21 21 21 21 21 21 21 21 21 21 21 21 21 21 21 21 21 21 21 21 21 21 21 21 21 21 21 21 21 21 21 21 21 21 21 21 21 21 
10 6 0 7 7 0 2 14 2 20 0 2 2 4 0 0 5 5 21 21 21 21 21 21 21 21 21 21 21 21 21 21 21 21 21 21 21 21 21 21 21 21 21 21 21 21 21 21 21 21 21 21 21 21 21 21 21 21 21 21 21 
7 9 2 5 3 10 9 3 9 10 1 0 15 2 7 3 13 18 21 21 21 21 21 21 21 21 21 21 21 21 21 21 21 21 21 21 21 21 21 21 21 21 21 21 21 21 21 21 21 21 21 21 21 21 21 21 21 21 21 21 21 
7 9 2 5 3 2 9 3 9 10 1 0 15 2 7 3 13 18 21 21 21 21 21 21 21 21 21 21 21 21 21 21 21 21 21 21 21 21 21 21 21 21 21 21 21 21 21 21 21 21 21 21 21 21 21 21 21 21 21 21 21 
7 9 2 5 3 10 9 3 9 2 1 0 15 2 7 3 13 18 21 21 21 21 21 21 21 21 21 21 21 21 21 21 21 21 21 21 21 21 21 21 21 21 21 21 21 21 21 21 21 21 21 21 21 21 21 21 21 21 21 21 21 
7 9 2 5 3 10 9 3 9 10 1 0 2 2 7 3 13 18 21 21 21 21 21 21 21 21 21 21 21 21 21 21 21 21 21 21 21 21 21 21 21 21 21 21 21 21 21 21 21 21 21 21 21 21 21 21 21 21 21 21 21 
7 9 2 5 3 2 9 3 9 2 1 0 15 2 7 3 13 18 21 21 21 21 21 21 21 21 21 21 21 21 21 21 21 21 21 21 21 21 21 21 21 21 21 21 21 21 21 21 21 21 21 21 21 21 21 21 21 21 21 21 21 
7 9 2 5 3 2 9 3 9 10 1 0 2 2 7 3 13 18 21 21 21 21 21 21 21 21 21 21 21 21 21 21 21 21 21 21 21 21 21 21 21 21 21 21 21 21 21 21 21 21 21 21 21 21 21 21 21 21 21 21 21 
7 9 2 5 3 10 9 3 9 2 1 0 2 2 7 3 13 18 21 21 21 21 21 21 21 21 21 21 21 21 21 21 21 21 21 21 21 21 21 21 21 21 21 21 21 21 21 21 21 21 21 21 21 21 21 21 21 21 21 21 21 
7 9 2 5 3 2 9 3 9 2 1 0 2 2 7 3 13 18 21 21 21 21 21 21 21 21 21 21 21 21 21 21 21 21 21 21 21 21 21 21 21 21 21 21 21 21 21 21 21 21 21 21 21 21 21 21 21 21 21 21 21 
7 9 2 5 3 10 9 3 9 2 1 0 15 2 7 3 13 18 21 21 21 21 21 21 21 21 21 21 21 21 21 21 21 21 21 21 21 21 21 21 21 21 21 21 21 21 21 21 21 21 21 21 21 21 21 21 21 21 21 21 21 
7 9 2 5 3 10 9 3 9 15 1 0 15 2 7 3 13 18 21 21 21 21 21 21 21 21 21 21 21 21 21 21 21 21 21 21 21 21 21 21 21 21 21 21 21 21 21 21 21 21 21 21 21 21 21 21 21 21 21 21 21 
7 9 2 5 3 10 9 3 9 11 1 0 15 2 7 3 13 18 21 21 21 21 21 21 21 21 21 21 21 21 21 21 21 21 21 21 21 21 21 21 21 21 21 21 21 21 21 21 21 21 21 21 21 21 21 21 21 21 21 21 21 
7 9 2 5 3 10 9 3 9 4 1 0 15 2 7 3 13 18 21 21 21 21 21 21 21 21 21 21 21 21 21 21 21 21 21 21 21 21 21 21 21 21 21 21 21 21 21 21 21 21 21 21 21 21 21 21 21 21 21 21 21 
7 9 2 5 3 10 9 3 9 7 1 0 15 2 7 3 13 18 21 21 21 21 21 21 21 21 21 21 21 21 21 21 21 21 21 21 21 21 21 21 21 21 21 21 21 21 21 21 21 21 21 21 21 21 21 21 21 21 21 21 21 
7 9 2 5 3 10 9 3 9 0 1 0 15 2 7 3 13 18 21 21 21 21 21 21 21 21 21 21 21 21 21 21 21 21 21 21 21 21 21 21 21 21 21 21 21 21 21 21 21 21 21 21 21 21 21 21 21 21 21 21 21 
7 9 2 5 3 10 9 3 9 18 1 0 15 2 7 3 13 18 21 21 21 21 21 21 21 21 21 21 21 21 21 21 21 21 21 21 21 21 21 21 21 21 21 21 21 21 21 21 21 21 21 21 21 21 21 21 21 21 21 21 21 
14 2 18 6 10 13 18 2 6 2 4 10 8 10 14 8 13 5 21 21 21 21 21 21 21 21 21 21 21 21 21 21 21 21 21 21 21 21 21 21 21 21 21 21 21 21 21 21 21 21 21 21 21 21 21 21 21 21 21 21 21 
5 4 4 5 2 1 17 1 5 5 5 13 1 15 1 15 4 5 21 21 21 21 21 21 21 21 21 21 21 21 21 21 21 21 21 21 21 21 21 21 21 21 21 21 21 21 21 21 21 21 21 21 21 21 21 21 21 21 21 21 21 
3 15 10 2 12 1 13 7 10 3 7 6 3 7 2 0 8 10 21 21 21 21 21 21 21 21 21 21 21 21 21 21 21 21 21 21 21 21 21 21 21 21 21 21 21 21 21 21 21 21 21 21 21 21 21 21 21 21 21 21 21 
6 6 11 14 16 14 10 11 3 5 8 16 14 6 13 7 3 15 21 21 21 21 21 21 21 21 21 21 21 21 21 21 21 21 21 21 21 21 21 21 21 21 21 21 21 21 21 21 21 21 21 21 21 21 21 21 21 21 21 21 21 
18 6 6 7 18 6 8 8 3 13 16 13 0 15 13 8 13 15 21 21 21 21 21 21 21 21 21 21 21 21 21 21 21 21 21 21 21 21 21 21 21 21 21 21 21 21 21 21 21 21 21 21 21 21 21 21 21 21 21 21 21 
4 15 13 15 13 8 4 14 7 9 13 10 14 20 5 8 13 13 7 21 21 21 21 21 21 21 21 21 21 21 21 21 21 21 21 21 21 21 21 21 21 21 21 21 21 21 21 21 21 21 21 21 21 21 21 21 21 21 21 21 21 
4 17 13 15 20 3 3 4 0 9 18 13 14 4 7 7 17 17 17 21 21 21 21 21 21 21 21 21 21 21 21 21 21 21 21 21 21 21 21 21 21 21 21 21 21 21 21 21 21 21 21 21 21 21 21 21 21 21 21 21 21 
4 7 9 2 5 3 10 9 3 9 10 1 0 15 2 7 3 13 18 21 21 21 21 21 21 21 21 21 21 21 21 21 21 21 21 21 21 21 21 21 21 21 21 21 21 21 21 21 21 21 21 21 21 21 21 21 21 21 21 21 21 
7 9 2 5 3 10 9 3 9 10 1 0 15 2 7 3 13 18 14 21 21 21 21 21 21 21 21 21 21 21 21 21 21 21 21 21 21 21 21 21 21 21 21 21 21 21 21 21 21 21 21 21 21 21 21 21 21 21 21 21 21 
4 2 11 7 14 2 14 5 9 11 16 17 8 11 2 10 5 11 13 21 21 21 21 21 21 21 21 21 21 21 21 21 21 21 21 21 21 21 21 21 21 21 21 21 21 21 21 21 21 21 21 21 21 21 21 21 21 21 21 21 21 
5 20 12 5 11 9 4 20 3 17 20 16 4 4 12 4 17 7 1 21 21 21 21 21 21 21 21 21 21 21 21 21 21 21 21 21 21 21 21 21 21 21 21 21 21 21 21 21 21 21 21 21 21 21 21 21 21 21 21 21 21 
2 2 3 1 9 15 5 2 4 5 17 2 2 5 5 2 18 14 6 21 21 21 21 21 21 21 21 21 21 21 21 21 21 21 21 21 21 21 21 21 21 21 21 21 21 21 21 21 21 21 21 21 21 21 21 21 21 21 21 21 21 
14 3 15 10 2 12 1 13 7 10 3 7 6 3 7 2 0 8 10 21 21 21 21 21 21 21 21 21 21 21 21 21 21 21 21 21 21 21 21 21 21 21 21 21 21 21 21 21 21 21 21 21 21 21 21 21 21 21 21 21 21 
1 7 10 0 2 7 3 10 6 2 7 15 3 13 8 14 12 10 3 21 21 21 21 21 21 21 21 21 21 21 21 21 21 21 21 21 21 21 21 21 21 21 21 21 21 21 21 21 21 21 21 21 21 21 21 21 21 21 21 21 21 
11 3 15 10 2 12 1 13 7 10 3 7 6 3 7 2 0 8 10 21 21 21 21 21 21 21 21 21 21 21 21 21 21 21 21 21 21 21 21 21 21 21 21 21 21 21 21 21 21 21 21 21 21 21 21 21 21 21 21 21 21 
14 11 15 10 2 12 1 13 7 10 3 7 6 3 7 2 0 8 10 21 21 21 21 21 21 21 21 21 21 21 21 21 21 21 21 21 21 21 21 21 21 21 21 21 21 21 21 21 21 21 21 21 21 21 21 21 21 21 21 21 21 
14 3 11 10 2 12 1 13 7 10 3 7 6 3 7 2 0 8 10 21 21 21 21 21 21 21 21 21 21 21 21 21 21 21 21 21 21 21 21 21 21 21 21 21 21 21 21 21 21 21 21 21 21 21 21 21 21 21 21 21 21 
14 3 15 11 2 12 1 13 7 10 3 7 6 3 7 2 0 8 10 21 21 21 21 21 21 21 21 21 21 21 21 21 21 21 21 21 21 21 21 21 21 21 21 21 21 21 21 21 21 21 21 21 21 21 21 21 21 21 21 21 21 
14 3 15 10 11 12 1 13 7 10 3 7 6 3 7 2 0 8 10 21 21 21 21 21 21 21 21 21 21 21 21 21 21 21 21 21 21 21 21 21 21 21 21 21 21 21 21 21 21 21 21 21 21 21 21 21 21 21 21 21 21 
14 3 15 10 2 11 1 13 7 10 3 7 6 3 7 2 0 8 10 21 21 21 21 21 21 21 21 21 21 21 21 21 21 21 21 21 21 21 21 21 21 21 21 21 21 21 21 21 21 21 21 21 21 21 21 21 21 21 21 21 21 
14 3 15 10 2 12 11 13 7 10 3 7 6 3 7 2 0 8 10 21 21 21 21 21 21 21 21 21 21 21 21 21 21 21 21 21 21 21 21 21 21 21 21 21 21 21 21 21 21 21 21 21 21 21 21 21 21 21 21 21 21 
14 3 15 10 2 12 1 11 7 10 3 7 6 3 7 2 0 8 10 21 21 21 21 21 21 21 21 21 21 21 21 21 21 21 21 21 21 21 21 21 21 21 21 21 21 21 21 21 21 21 21 21 21 21 21 21 21 21 21 21 21 
14 3 15 10 2 12 1 13 11 10 3 7 6 3 7 2 0 8 10 21 21 21 21 21 21 21 21 21 21 21 21 21 21 21 21 21 21 21 21 21 21 21 21 21 21 21 21 21 21 21 21 21 21 21 21 21 21 21 21 21 21 
14 3 15 10 2 12 1 13 7 11 3 7 6 3 7 2 0 8 10 21 21 21 21 21 21 21 21 21 21 21 21 21 21 21 21 21 21 21 21 21 21 21 21 21 21 21 21 21 21 21 21 21 21 21 21 21 21 21 21 21 21 
14 3 15 10 2 12 1 13 7 10 11 7 6 3 7 2 0 8 10 21 21 21 21 21 21 21 21 21 21 21 21 21 21 21 21 21 21 21 21 21 21 21 21 21 21 21 21 21 21 21 21 21 21 21 21 21 21 21 21 21 21 
14 3 15 10 2 12 1 13 7 10 3 11 6 3 7 2 0 8 10 21 21 21 21 21 21 21 21 21 21 21 21 21 21 21 21 21 21 21 21 21 21 21 21 21 21 21 21 21 21 21 21 21 21 21 21 21 21 21 21 21 21 
14 3 15 10 2 12 1 13 7 10 3 7 11 3 7 2 0 8 10 21 21 21 21 21 21 21 21 21 21 21 21 21 21 21 21 21 21 21 21 21 21 21 21 21 21 21 21 21 21 21 21 21 21 21 21 21 21 21 21 21 21 
14 3 15 10 2 12 1 13 7 10 3 7 6 11 7 2 0 8 10 21 21 21 21 21 21 21 21 21 21 21 21 21 21 21 21 21 21 21 21 21 21 21 21 21 21 21 21 21 21 21 21 21 21 21 21 21 21 21 21 21 21 
14 3 15 10 2 12 1 13 7 10 3 7 6 3 11 2 0 8 10 21 21 21 21 21 21 21 21 21 21 21 21 21 21 21 21 21 21 21 21 21 21 21 21 21 21 21 21 21 21 21 21 21 21 21 21 21 21 21 21 21 21 
14 3 15 10 2 12 1 13 7 10 3 7 6 3 7 11 0 8 10 21 21 21 21 21 21 21 21 21 21 21 21 21 21 21 21 21 21 21 21 21 21 21 21 21 21 21 21 21 21 21 21 21 21 21 21 21 21 21 21 21 21 
14 3 15 10 2 12 1 13 7 10 3 7 6 3 7 2 11 8 10 21 21 21 21 21 21 21 21 21 21 21 21 21 21 21 21 21 21 21 21 21 21 21 21 21 21 21 21 21 21 21 21 21 21 21 21 21 21 21 21 21 21 
14 3 15 10 2 12 1 13 7 10 3 7 6 3 7 2 0 11 10 21 21 21 21 21 21 21 21 21 21 21 21 21 21 21 21 21 21 21 21 21 21 21 21 21 21 21 21 21 21 21 21 21 21 21 21 21 21 21 21 21 21 
14 3 15 10 2 12 1 13 7 10 3 7 6 3 7 2 0 8 11 21 21 21 21 21 21 21 21 21 21 21 21 21 21 21 21 21 21 21 21 21 21 21 21 21 21 21 21 21 21 21 21 21 21 21 21 21 21 21 21 21 21 
5 5 18 18 11 11 15 11 2 2 6 11 15 2 2 11 2 2 11 6 21 21 21 21 21 21 21 21 21 21 21 21 21 21 21 21 21 21 21 21 21 21 21 21 21 21 21 21 21 21 21 21 21 21 21 21 21 21 21 21 21 
5 5 2 16 2 0 6 11 13 2 6 17 7 15 18 11 16 0 1 1 21 21 21 21 21 21 21 21 21 21 21 21 21 21 21 21 21 21 21 21 21 21 21 21 21 21 21 21 21 21 21 21 21 21 21 21 21 21 21 21 21 
18 15 2 14 14 4 2 6 11 2 10 7 9 10 18 5 18 5 20 20 21 21 21 21 21 21 21 21 21 21 21 21 21 21 21 21 21 21 21 21 21 21 21 21 21 21 21 21 21 21 21 21 21 21 21 21 21 21 21 21 21 
5 5 18 18 11 11 15 11 2 2 6 11 15 2 2 11 2 2 11 6 21 21 21 21 21 21 21 21 21 21 21 21 21 21 21 21 21 21 21 21 21 21 21 21 21 21 21 21 21 21 21 21 21 21 21 21 21 21 21 21 21 
7 4 7 9 2 5 3 10 9 3 9 10 1 0 15 2 7 3 13 18 21 21 21 21 21 21 21 21 21 21 21 21 21 21 21 21 21 21 21 21 21 21 21 21 21 21 21 21 21 21 21 21 21 21 21 21 21 21 21 21 21 
7 9 2 5 3 10 9 3 9 10 1 0 15 2 7 3 13 18 14 9 21 21 21 21 21 21 21 21 21 21 21 21 21 21 21 21 21 21 21 21 21 21 21 21 21 21 21 21 21 21 21 21 21 21 21 21 21 21 21 21 21 
11 11 16 2 10 3 11 2 17 11 0 13 2 4 4 5 15 2 14 14 21 21 21 21 21 21 21 21 21 21 21 21 21 21 21 21 21 21 21 21 21 21 21 21 21 21 21 21 21 21 21 21 21 21 21 21 21 21 21 21 21 
13 9 13 14 2 10 18 14 20 11 18 20 6 11 5 17 5 5 13 1 21 21 21 21 21 21 21 21 21 21 21 21 21 21 21 21 21 21 21 21 21 21 21 21 21 21 21 21 21 21 21 21 21 21 21 21 21 21 21 21 21 
12 11 8 11 4 2 20 2 2 4 13 10 2 11 13 2 4 9 10 4 21 21 21 21 21 21 21 21 21 21 21 21 21 21 21 21 21 21 21 21 21 21 21 21 21 21 21 21 21 21 21 21 21 21 21 21 21 21 21 21 21 
1 9 15 5 2 4 5 17 2 2 5 5 2 18 14 6 13 14 5 2 21 21 21 21 21 21 21 21 21 21 21 21 21 21 21 21 21 21 21 21 21 21 21 21 21 21 21 21 21 21 21 21 21 21 21 21 21 21 21 21 21 
6 14 14 13 12 2 18 17 3 0 8 4 14 10 14 3 11 15 3 1 21 21 21 21 21 21 21 21 21 21 21 21 21 21 21 21 21 21 21 21 21 21 21 21 21 21 21 21 21 21 21 21 21 21 21 21 21 21 21 21 21 
17 20 3 15 8 1 14 3 15 7 14 11 10 16 11 3 20 2 14 6 21 21 21 21 21 21 21 21 21 21 21 21 21 21 21 21 21 21 21 21 21 21 21 21 21 21 21 21 21 21 21 21 21 21 21 21 21 21 21 21 21 
20 17 4 7 13 1 14 20 2 8 5 11 2 7 4 10 11 11 0 20 21 21 21 21 21 21 21 21 21 21 21 21 21 21 21 21 21 21 21 21 21 21 21 21 21 21 21 21 21 21 21 21 21 21 21 21 21 21 21 21 21 
10 20 18 0 10 3 5 2 8 0 15 11 18 8 2 8 0 7 2 10 21 21 21 21 21 21 21 21 21 21 21 21 21 21 21 21 21 21 21 21 21 21 21 21 21 21 21 21 21 21 21 21 21 21 21 21 21 21 21 21 21 
13 9 13 14 2 10 18 14 20 11 18 20 6 11 5 17 5 5 13 1 21 21 21 21 21 21 21 21 21 21 21 21 21 21 21 21 21 21 21 21 21 21 21 21 21 21 21 21 21 21 21 21 21 21 21 21 21 21 21 21 21 
5 5 18 18 11 11 15 11 2 2 6 11 15 2 2 11 2 2 11 6 21 21 21 21 21 21 21 21 21 21 21 21 21 21 21 21 21 21 21 21 21 21 21 21 21 21 21 21 21 21 21 21 21 21 21 21 21 21 21 21 21 
5 5 18 18 11 11 15 11 2 2 6 11 15 2 2 11 2 2 11 6 21 21 21 21 21 21 21 21 21 21 21 21 21 21 21 21 21 21 21 21 21 21 21 21 21 21 21 21 21 21 21 21 21 21 21 21 21 21 21 21 21 
11 2 3 18 2 0 0 7 8 7 18 2 3 18 15 8 15 18 2 14 21 21 21 21 21 21 21 21 21 21 21 21 21 21 21 21 21 21 21 21 21 21 21 21 21 21 21 21 21 21 21 21 21 21 21 21 21 21 21 21 21 
11 2 3 18 11 0 0 7 8 7 18 2 3 18 15 8 15 18 2 14 21 21 21 21 21 21 21 21 21 21 21 21 21 21 21 21 21 21 21 21 21 21 21 21 21 21 21 21 21 21 21 21 21 21 21 21 21 21 21 21 21 
11 2 3 18 11 0 0 7 8 7 18 11 3 18 15 8 15 18 2 14 21 21 21 21 21 21 21 21 21 21 21 21 21 21 21 21 21 21 21 21 21 21 21 21 21 21 21 21 21 21 21 21 21 21 21 21 21 21 21 21 21 
13 2 20 3 7 18 11 0 2 0 18 11 5 18 10 2 7 0 15 4 21 21 21 21 21 21 21 21 21 21 21 21 21 21 21 21 21 21 21 21 21 21 21 21 21 21 21 21 21 21 21 21 21 21 21 21 21 21 21 21 21 
13 18 15 18 11 18 15 18 11 18 15 18 11 18 15 18 11 18 18 18 18 21 21 21 21 21 21 21 21 21 21 21 21 21 21 21 21 21 21 21 21 21 21 21 21 21 21 21 21 21 21 21 21 21 21 21 21 21 21 21 21 
6 2 7 6 6 2 5 8 14 16 6 20 11 12 20 9 8 7 14 14 13 21 21 21 21 21 21 21 21 21 21 21 21 21 21 21 21 21 21 21 21 21 21 21 21 21 21 21 21 21 21 21 21 21 21 21 21 21 21 21 21 
2 6 5 5 2 16 2 0 6 11 13 2 6 17 7 15 18 11 16 0 1 21 21 21 21 21 21 21 21 21 21 21 21 21 21 21 21 21 21 21 21 21 21 21 21 21 21 21 21 21 21 21 21 21 21 21 21 21 21 21 21 
15 2 3 2 10 17 7 2 16 18 20 10 8 5 4 2 18 18 10 15 2 21 21 21 21 21 21 21 21 21 21 21 21 21 21 21 21 21 21 21 21 21 21 21 21 21 21 21 21 21 21 21 21 21 21 21 21 21 21 21 21 
1 10 5 2 20 11 0 11 13 20 11 5 2 18 7 9 13 0 6 2 15 21 21 21 21 21 21 21 21 21 21 21 21 21 21 21 21 21 21 21 21 21 21 21 21 21 21 21 21 21 21 21 21 21 21 21 21 21 21 21 21 
2 2 3 1 9 15 5 2 4 5 17 2 2 5 5 2 18 14 6 13 14 21 21 21 21 21 21 21 21 21 21 21 21 21 21 21 21 21 21 21 21 21 21 21 21 21 21 21 21 21 21 21 21 21 21 21 21 21 21 21 21 
20 2 20 18 9 0 3 9 15 5 9 10 4 8 10 6 20 17 2 18 4 21 21 21 21 21 21 21 21 21 21 21 21 21 21 21 21 21 21 21 21 21 21 21 21 21 21 21 21 21 21 21 21 21 21 21 21 21 21 21 21 
18 11 11 18 18 11 11 18 11 11 18 18 11 11 18 9 11 18 18 11 11 21 21 21 21 21 21 21 21 21 21 21 21 21 21 21 21 21 21 21 21 21 21 21 21 21 21 21 21 21 21 21 21 21 21 21 21 21 21 21 21 
11 18 18 11 11 18 18 11 18 18 11 11 18 18 11 18 18 11 11 18 18 21 21 21 21 21 21 21 21 21 21 21 21 21 21 21 21 21 21 21 21 21 21 21 21 21 21 21 21 21 21 21 21 21 21 21 21 21 21 21 21 
11 18 18 11 11 18 18 11 18 18 11 11 18 18 11 18 18 9 11 18 18 21 21 21 21 21 21 21 21 21 21 21 21 21 21 21 21 21 21 21 21 21 21 21 21 21 21 21 21 21 21 21 21 21 21 21 21 21 21 21 21 
11 18 18 11 9 18 18 11 18 18 11 11 18 18 11 18 18 9 11 18 18 21 21 21 21 21 21 21 21 21 21 21 21 21 21 21 21 21 21 21 21 21 21 21 21 21 21 21 21 21 21 21 21 21 21 21 21 21 21 21 21 
11 5 5 11 9 5 5 11 5 5 11 11 5 5 11 5 5 11 11 5 5 21 21 21 21 21 21 21 21 21 21 21 21 21 21 21 21 21 21 21 21 21 21 21 21 21 21 21 21 21 21 21 21 21 21 21 21 21 21 21 21 
11 5 5 11 18 5 5 11 5 5 11 11 5 5 11 5 5 18 11 5 5 21 21 21 21 21 21 21 21 21 21 21 21 21 21 21 21 21 21 21 21 21 21 21 21 21 21 21 21 21 21 21 21 21 21 21 21 21 21 21 21 
11 5 5 11 18 5 5 11 5 5 11 18 5 5 11 5 5 18 18 5 5 21 21 21 21 21 21 21 21 21 21 21 21 21 21 21 21 21 21 21 21 21 21 21 21 21 21 21 21 21 21 21 21 21 21 21 21 21 21 21 21 
13 2 3 7 18 11 0 2 0 18 11 5 18 10 2 7 0 15 4 5 9 17 21 21 21 21 21 21 21 21 21 21 21 21 21 21 21 21 21 21 21 21 21 21 21 21 21 21 21 21 21 21 21 21 21 21 21 21 21 21 21 
2 6 5 5 2 16 2 0 6 11 13 2 6 17 7 15 18 11 16 0 1 1 21 21 21 21 21 21 21 21 21 21 21 21 21 21 21 21 21 21 21 21 21 21 21 21 21 21 21 21 21 21 21 21 21 21 21 21 21 21 21 
4 17 16 2 12 7 13 6 20 11 11 6 16 4 15 15 13 2 16 15 14 9 21 21 21 21 21 21 21 21 21 21 21 21 21 21 21 21 21 21 21 21 21 21 21 21 21 21 21 21 21 21 21 21 21 21 21 21 21 21 21 
2 8 10 14 8 7 16 15 7 10 2 20 0 5 6 6 2 0 8 5 15 2 21 21 21 21 21 21 21 21 21 21 21 21 21 21 21 21 21 21 21 21 21 21 21 21 21 21 21 21 21 21 21 21 21 21 21 21 21 21 21 
1 15 5 2 11 7 16 2 5 18 2 5 18 5 2 2 5 3 11 3 3 2 21 21 21 21 21 21 21 21 21 21 21 21 21 21 21 21 21 21 21 21 21 21 21 21 21 21 21 21 21 21 21 21 21 21 21 21 21 21 21 
12 11 8 11 4 2 20 2 2 4 13 10 2 11 13 2 4 9 10 4 11 10 21 21 21 21 21 21 21 21 21 21 21 21 21 21 21 21 21 21 21 21 21 21 21 21 21 21 21 21 21 21 21 21 21 21 21 21 21 21 21 
2 3 1 9 15 5 2 4 5 17 2 2 5 5 2 18 14 6 13 14 5 2 21 21 21 21 21 21 21 21 21 21 21 21 21 21 21 21 21 21 21 21 21 21 21 21 21 21 21 21 21 21 21 21 21 21 21 21 21 21 21 
13 11 18 18 13 11 18 18 13 18 18 13 11 18 18 13 11 18 13 11 13 11 13 21 21 21 21 21 21 21 21 21 21 21 21 21 21 21 21 21 21 21 21 21 21 21 21 21 21 21 21 21 21 21 21 21 21 21 21 21 21 
13 2 13 11 13 5 10 13 18 5 15 13 18 18 13 5 18 2 13 18 5 11 13 21 21 21 21 21 21 21 21 21 21 21 21 21 21 21 21 21 21 21 21 21 21 21 21 21 21 21 21 21 21 21 21 21 21 21 21 21 21 
13 11 2 11 2 18 11 2 18 18 11 2 18 18 2 18 18 11 2 18 18 11 2 21 21 21 21 21 21 21 21 21 21 21 21 21 21 21 21 21 21 21 21 21 21 21 21 21 21 21 21 21 21 21 21 21 21 21 21 21 21 
13 11 10 11 10 18 11 10 18 18 11 10 18 18 10 18 18 11 10 18 18 11 10 21 21 21 21 21 21 21 21 21 21 21 21 21 21 21 21 21 21 21 21 21 21 21 21 21 21 21 21 21 21 21 21 21 21 21 21 21 21 
11 15 18 5 15 4 5 5 2 18 18 2 11 5 18 10 11 5 2 4 15 11 13 21 21 21 21 21 21 21 21 21 21 21 21 21 21 21 21 21 21 21 21 21 21 21 21 21 21 21 21 21 21 21 21 21 21 21 21 21 21 
20 2 0 7 2 14 3 5 0 2 2 2 2 10 11 5 18 14 1 4 7 15 0 21 21 21 21 21 21 21 21 21 21 21 21 21 21 21 21 21 21 21 21 21 21 21 21 21 21 21 21 21 21 21 21 21 21 21 21 21 21 
4 10 4 18 13 2 16 7 11 4 18 13 4 18 11 13 15 4 0 10 12 18 7 21 21 21 21 21 21 21 21 21 21 21 21 21 21 21 21 21 21 21 21 21 21 21 21 21 21 21 21 21 21 21 21 21 21 21 21 21 21 
4 10 4 18 13 2 16 7 11 18 18 13 4 18 11 13 15 4 0 10 12 8 7 21 21 21 21 21 21 21 21 21 21 21 21 21 21 21 21 21 21 21 21 21 21 21 21 21 21 21 21 21 21 21 21 21 21 21 21 21 21 
4 10 4 18 13 2 16 7 11 18 18 13 4 18 11 13 15 4 0 10 12 8 7 21 21 21 21 21 21 21 21 21 21 21 21 21 21 21 21 21 21 21 21 21 21 21 21 21 21 21 21 21 21 21 21 21 21 21 21 21 21 
1 13 2 8 10 14 8 7 16 15 7 10 2 20 0 5 6 6 2 0 8 5 15 21 21 21 21 21 21 21 21 21 21 21 21 21 21 21 21 21 21 21 21 21 21 21 21 21 21 21 21 21 21 21 21 21 21 21 21 21 21 
1 13 2 8 10 14 8 7 16 15 7 10 2 20 0 11 6 6 2 0 8 5 15 21 21 21 21 21 21 21 21 21 21 21 21 21 21 21 21 21 21 21 21 21 21 21 21 21 21 21 21 21 21 21 21 21 21 21 21 21 21 
1 13 2 8 10 14 8 7 16 15 7 10 2 20 0 11 6 6 2 0 8 11 15 21 21 21 21 21 21 21 21 21 21 21 21 21 21 21 21 21 21 21 21 21 21 21 21 21 21 21 21 21 21 21 21 21 21 21 21 21 21 
2 2 3 1 9 15 5 2 4 5 17 2 2 5 5 2 18 14 6 13 14 5 2 21 21 21 21 21 21 21 21 21 21 21 21 21 21 21 21 21 21 21 21 21 21 21 21 21 21 21 21 21 21 21 21 21 21 21 21 21 21 
11 2 20 0 2 2 4 20 9 2 18 3 4 4 6 7 7 4 5 6 6 6 7 21 21 21 21 21 21 21 21 21 21 21 21 21 21 21 21 21 21 21 21 21 21 21 21 21 21 21 21 21 21 21 21 21 21 21 21 21 21 
4 10 8 11 7 15 15 8 10 20 18 0 10 3 5 2 8 0 15 11 18 8 2 21 21 21 21 21 21 21 21 21 21 21 21 21 21 21 21 21 21 21 21 21 21 21 21 21 21 21 21 21 21 21 21 21 21 21 21 21 21 
1 2 5 15 5 2 11 7 16 2 5 18 2 5 18 5 2 2 5 3 11 3 3 2 21 21 21 21 21 21 21 21 21 21 21 21 21 21 21 21 21 21 21 21 21 21 21 21 21 21 21 21 21 21 21 21 21 21 21 21 21 
12 11 8 11 4 2 20 2 2 4 13 10 2 11 13 2 4 9 10 4 11 10 15 7 21 21 21 21 21 21 21 21 21 21 21 21 21 21 21 21 21 21 21 21 21 21 21 21 21 21 21 21 21 21 21 21 21 21 21 21 21 
7 10 7 8 11 2 8 18 2 0 0 7 8 5 8 2 3 18 15 8 15 18 2 14 21 21 21 21 21 21 21 21 21 21 21 21 21 21 21 21 21 21 21 21 21 21 21 21 21 21 21 21 21 21 21 21 21 21 21 21 21 
8 10 2 5 2 18 0 7 10 14 11 14 10 0 11 15 16 0 15 14 3 4 2 7 21 21 21 21 21 21 21 21 21 21 21 21 21 21 21 21 21 21 21 21 21 21 21 21 21 21 21 21 21 21 21 21 21 21 21 21 21 
13 5 13 18 10 18 13 5 2 18 13 5 13 18 11 5 13 18 13 5 11 18 13 5 11 21 21 21 21 21 21 21 21 21 21 21 21 21 21 21 21 21 21 21 21 21 21 21 21 21 21 21 21 21 21 21 21 21 21 21 21 
6 14 7 8 16 7 6 14 7 1 6 6 14 1 6 4 17 5 9 12 1 2 5 5 13 21 21 21 21 21 21 21 21 21 21 21 21 21 21 21 21 21 21 21 21 21 21 21 21 21 21 21 21 21 21 21 21 21 21 21 21 
7 3 16 7 0 7 10 20 18 18 13 20 2 12 18 0 16 15 8 18 10 4 15 3 7 21 21 21 21 21 21 21 21 21 21 21 21 21 21 21 21 21 21 21 21 21 21 21 21 21 21 21 21 21 21 21 21 21 21 21 21 
0 0 2 5 15 5 2 11 7 16 2 5 18 2 5 18 5 2 2 5 3 11 3 3 2 21 21 21 21 21 21 21 21 21 21 21 21 21 21 21 21 21 21 21 21 21 21 21 21 21 21 21 21 21 21 21 21 21 21 21 21 
13 11 15 4 2 5 11 10 18 5 11 2 18 18 2 5 5 4 15 5 18 15 11 18 3 2 21 21 21 21 21 21 21 21 21 21 21 21 21 21 21 21 21 21 21 21 21 21 21 21 21 21 21 21 21 21 21 21 21 21 21 
11 2 20 0 2 2 4 0 17 10 20 9 2 18 3 4 4 6 7 7 4 5 6 6 6 7 21 21 21 21 21 21 21 21 21 21 21 21 21 21 21 21 21 21 21 21 21 21 21 21 21 21 21 21 21 21 21 21 21 21 21 
1 14 0 0 16 10 15 11 14 0 2 15 10 20 0 12 17 10 18 10 8 15 18 8 7 6 21 21 21 21 21 21 21 21 21 21 21 21 21 21 21 21 21 21 21 21 21 21 21 21 21 21 21 21 21 21 21 21 21 21 21 
13 18 1 5 5 9 20 9 5 12 18 18 2 4 11 6 7 10 14 1 15 5 5 11 13 11 21 21 21 21 21 21 21 21 21 21 21 21 21 21 21 21 21 21 21 21 21 21 21 21 21 21 21 21 21 21 21 21 21 21 21 
13 2 11 11 11 5 10 11 18 5 15 11 18 18 11 5 18 2 11 18 5 11 11 5 18 5 18 21 21 21 21 21 21 21 21 21 21 21 21 21 21 21 21 21 21 21 21 21 21 21 21 21 21 21 21 21 21 21 21 21 21 
18 18 18 18 13 15 18 18 15 11 18 18 15 18 18 15 11 18 18 15 11 18 15 11 15 11 15 21 21 21 21 21 21 21 21 21 21 21 21 21 21 21 21 21 21 21 21 21 21 21 21 21 21 21 21 21 21 21 21 21 21 
18 5 18 5 13 11 18 18 13 2 5 13 2 5 18 15 10 5 13 2 18 5 13 10 5 5 13 21 21 21 21 21 21 21 21 21 21 21 21 21 21 21 21 21 21 21 21 21 21 21 21 21 21 21 21 21 21 21 21 21 21 
16 12 8 11 7 3 12 0 10 18 7 17 10 8 12 10 0 7 15 0 0 7 7 8 17 3 13 21 21 21 21 21 21 21 21 21 21 21 21 21 21 21 21 21 21 21 21 21 21 21 21 21 21 21 21 21 21 21 21 21 21 
10 20 18 0 10 3 5 2 8 0 15 11 18 8 2 8 0 7 2 10 3 2 20 0 2 4 18 21 21 21 21 21 21 21 21 21 21 21 21 21 21 21 21 21 21 21 21 21 21 21 21 21 21 21 21 21 21 21 21 21 21 
18 5 18 5 11 15 18 5 15 4 5 5 2 18 18 18 2 11 5 18 10 11 5 2 4 15 11 13 21 21 21 21 21 21 21 21 21 21 21 21 21 21 21 21 21 21 21 21 21 21 21 21 21 21 21 21 21 21 21 21 21 
5 9 12 15 9 5 16 9 13 16 5 2 5 2 6 17 8 6 4 18 8 18 20 8 20 20 9 6 21 21 21 21 21 21 21 21 21 21 21 21 21 21 21 21 21 21 21 21 21 21 21 21 21 21 21 21 21 21 21 21 21 
5 5 5 5 5 5 5 5 16 6 11 0 6 4 7 14 15 14 14 20 8 14 11 7 20 14 12 7 21 21 21 21 21 21 21 21 21 21 21 21 21 21 21 21 21 21 21 21 21 21 21 21 21 21 21 21 21 21 21 21 21 
15 5 2 11 7 16 2 5 18 2 5 18 5 2 2 5 3 11 3 3 2 20 18 5 2 11 15 17 21 21 21 21 21 21 21 21 21 21 21 21 21 21 21 21 21 21 21 21 21 21 21 21 21 21 21 21 21 21 21 21 21 
17 0 8 20 18 20 10 11 8 20 13 8 18 11 10 7 20 10 20 0 7 2 14 14 14 7 14 11 21 21 21 21 21 21 21 21 21 21 21 21 21 21 21 21 21 21 21 21 21 21 21 21 21 21 21 21 21 21 21 21 21 
5 10 10 2 4 20 1 10 18 5 0 11 0 11 11 10 0 20 10 13 5 14 18 17 8 3 7 16 21 21 21 21 21 21 21 21 21 21 21 21 21 21 21 21 21 21 21 21 21 21 21 21 21 21 21 21 21 21 21 21 21 
1 1 13 2 5 10 20 8 3 7 10 10 5 2 4 3 2 20 6 2 7 20 5 15 7 14 3 9 20 21 21 21 21 21 21 21 21 21 21 21 21 21 21 21 21 21 21 21 21 21 21 21 21 21 21 21 21 21 21 21 21 
1 15 5 2 11 7 16 2 5 18 2 5 18 5 2 2 5 3 11 3 3 2 20 18 5 2 11 15 17 21 21 21 21 21 21 21 21 21 21 21 21 21 21 21 21 21 21 21 21 21 21 21 21 21 21 21 21 21 21 21 21 
13 4 4 11 7 1 1 2 17 1 5 1 16 10 3 16 6 8 6 18 4 13 1 3 2 18 4 18 17 21 21 21 21 21 21 21 21 21 21 21 21 21 21 21 21 21 21 21 21 21 21 21 21 21 21 21 21 21 21 21 21 
11 9 3 13 4 7 2 4 4 15 13 14 7 10 4 18 11 2 16 20 15 13 4 11 10 17 4 11 11 21 21 21 21 21 21 21 21 21 21 21 21 21 21 21 21 21 21 21 21 21 21 21 21 21 21 21 21 21 21 21 21 
11 9 3 13 4 7 15 4 4 15 2 8 7 2 4 18 12 15 16 20 10 13 4 7 11 17 14 11 2 21 21 21 21 21 21 21 21 21 21 21 21 21 21 21 21 21 21 21 21 21 21 21 21 21 21 21 21 21 21 21 21 
11 9 3 13 4 7 2 4 4 15 13 14 7 10 4 18 11 2 16 20 15 13 4 11 10 17 4 11 11 21 21 21 21 21 21 21 21 21 21 21 21 21 21 21 21 21 21 21 21 21 21 21 21 21 21 21 21 21 21 21 21 
11 9 3 13 4 7 2 4 4 15 13 14 7 10 4 18 11 2 16 20 15 13 4 11 10 17 4 11 11 21 21 21 21 21 21 21 21 21 21 21 21 21 21 21 21 21 21 21 21 21 21 21 21 21 21 21 21 21 21 21 21 
11 9 3 13 4 7 15 4 4 15 2 8 7 2 4 18 12 15 16 20 10 13 4 7 11 17 14 11 2 21 21 21 21 21 21 21 21 21 21 21 21 21 21 21 21 21 21 21 21 21 21 21 21 21 21 21 21 21 21 21 21 
11 9 3 13 4 7 10 4 4 15 13 14 7 15 4 18 2 15 16 20 15 13 4 14 11 17 4 15 2 21 21 21 21 21 21 21 21 21 21 21 21 21 21 21 21 21 21 21 21 21 21 21 21 21 21 21 21 21 21 21 21 
11 9 3 13 4 7 2 4 4 15 13 14 7 10 4 18 11 2 16 20 15 13 4 11 10 17 4 11 11 21 21 21 21 21 21 21 21 21 21 21 21 21 21 21 21 21 21 21 21 21 21 21 21 21 21 21 21 21 21 21 21 
11 9 3 13 4 7 15 4 4 15 2 8 7 2 4 18 12 15 16 20 10 13 4 7 11 17 14 11 2 21 21 21 21 21 21 21 21 21 21 21 21 21 21 21 21 21 21 21 21 21 21 21 21 21 21 21 21 21 21 21 21 
11 9 3 13 4 7 10 4 4 15 13 14 7 15 4 18 2 15 16 20 15 13 4 14 11 17 4 15 2 21 21 21 21 21 21 21 21 21 21 21 21 21 21 21 21 21 21 21 21 21 21 21 21 21 21 21 21 21 21 21 21 
11 9 3 13 4 7 15 4 4 15 2 8 7 2 4 18 12 15 16 20 10 13 4 7 11 17 14 11 2 21 21 21 21 21 21 21 21 21 21 21 21 21 21 21 21 21 21 21 21 21 21 21 21 21 21 21 21 21 21 21 21 
11 9 3 13 4 7 10 4 4 15 13 14 7 15 4 18 2 15 16 20 15 13 4 14 11 17 4 15 2 21 21 21 21 21 21 21 21 21 21 21 21 21 21 21 21 21 21 21 21 21 21 21 21 21 21 21 21 21 21 21 21 
11 9 3 13 4 7 10 4 4 15 13 14 7 15 4 18 2 15 16 20 15 13 4 14 11 17 4 15 2 21 21 21 21 21 21 21 21 21 21 21 21 21 21 21 21 21 21 21 21 21 21 21 21 21 21 21 21 21 21 21 21 
11 9 3 13 4 7 15 4 4 2 13 14 7 2 4 18 11 15 16 20 15 13 4 7 15 17 14 10 12 21 21 21 21 21 21 21 21 21 21 21 21 21 21 21 21 21 21 21 21 21 21 21 21 21 21 21 21 21 21 21 21 
11 9 3 13 4 7 10 4 4 15 13 14 7 15 4 18 2 15 16 20 15 13 4 14 11 17 4 15 2 21 21 21 21 21 21 21 21 21 21 21 21 21 21 21 21 21 21 21 21 21 21 21 21 21 21 21 21 21 21 21 21 
11 9 3 13 4 7 10 4 4 15 13 14 7 15 4 18 2 15 16 20 15 13 4 14 11 17 4 15 2 21 21 21 21 21 21 21 21 21 21 21 21 21 21 21 21 21 21 21 21 21 21 21 21 21 21 21 21 21 21 21 21 
11 9 3 13 4 7 10 4 4 15 13 14 7 15 4 18 2 15 16 20 15 13 4 14 11 17 4 15 2 21 21 21 21 21 21 21 21 21 21 21 21 21 21 21 21 21 21 21 21 21 21 21 21 21 21 21 21 21 21 21 21 
1 5 13 6 8 10 14 8 7 16 15 6 10 2 20 0 5 6 6 2 0 8 5 15 2 14 4 9 4 2 21 21 21 21 21 21 21 21 21 21 21 21 21 21 21 21 21 21 21 21 21 21 21 21 21 21 21 21 21 21 21 
1 1 13 2 8 10 14 8 7 16 15 7 10 2 20 0 5 6 6 2 0 8 5 15 2 14 4 9 4 2 21 21 21 21 21 21 21 21 21 21 21 21 21 21 21 21 21 21 21 21 21 21 21 21 21 21 21 21 21 21 21 
1 1 13 2 8 10 14 8 7 16 15 7 10 2 20 0 5 6 6 2 0 8 5 15 2 14 4 9 4 2 21 21 21 21 21 21 21 21 21 21 21 21 21 21 21 21 21 21 21 21 21 21 21 21 21 21 21 21 21 21 21 
1 0 0 20 11 20 20 10 5 2 20 11 0 11 13 20 11 5 2 18 7 9 13 0 6 2 15 0 3 12 21 21 21 21 21 21 21 21 21 21 21 21 21 21 21 21 21 21 21 21 21 21 21 21 21 21 21 21 21 21 21 
2 5 15 5 2 11 7 16 2 5 18 2 5 18 5 2 2 5 3 11 3 3 2 20 18 5 2 11 15 17 21 21 21 21 21 21 21 21 21 21 21 21 21 21 21 21 21 21 21 21 21 21 21 21 21 21 21 21 21 21 21 
4 10 8 11 7 15 15 8 10 20 18 0 10 3 5 2 8 0 15 11 18 8 2 8 0 7 2 10 3 2 21 21 21 21 21 21 21 21 21 21 21 21 21 21 21 21 21 21 21 21 21 21 21 21 21 21 21 21 21 21 21 
1 5 13 6 8 10 14 8 7 16 15 6 10 2 20 0 5 6 6 2 0 8 5 15 2 14 4 9 4 2 21 21 21 21 21 21 21 21 21 21 21 21 21 21 21 21 21 21 21 21 21 21 21 21 21 21 21 21 21 21 21 
1 1 13 2 8 10 14 8 7 16 15 7 10 2 20 0 5 6 6 2 0 8 5 15 2 14 4 9 4 2 21 21 21 21 21 21 21 21 21 21 21 21 21 21 21 21 21 21 21 21 21 21 21 21 21 21 21 21 21 21 21 
4 11 18 18 4 11 18 18 4 18 18 4 11 18 18 4 11 18 4 11 4 11 18 4 11 4 11 13 18 18 18 18 21 21 21 21 21 21 21 21 21 21 21 21 21 21 21 21 21 21 21 21 21 21 21 21 21 21 21 21 21 
0 0 2 5 15 5 2 11 7 16 2 5 18 2 5 18 5 2 2 5 3 11 3 3 2 20 18 5 2 11 15 17 21 21 21 21 21 21 21 21 21 21 21 21 21 21 21 21 21 21 21 21 21 21 21 21 21 21 21 21 21 
11 14 1 17 1 5 14 4 5 1 11 14 5 0 7 2 7 4 15 1 5 10 7 4 5 2 17 5 2 1 1 5 21 21 21 21 21 21 21 21 21 21 21 21 21 21 21 21 21 21 21 21 21 21 21 21 21 21 21 21 21 
11 14 1 17 1 5 14 4 5 1 11 14 5 0 7 2 7 4 15 1 0 10 7 4 5 2 17 5 2 1 1 5 21 21 21 21 21 21 21 21 21 21 21 21 21 21 21 21 21 21 21 21 21 21 21 21 21 21 21 21 21 
11 14 1 17 1 5 14 4 5 1 11 14 5 0 7 2 7 4 15 1 0 10 5 4 5 2 17 5 2 1 1 5 21 21 21 21 21 21 21 21 21 21 21 21 21 21 21 21 21 21 21 21 21 21 21 21 21 21 21 21 21 
11 14 1 17 1 5 5 4 5 1 11 14 5 0 7 2 7 4 15 1 0 10 7 4 5 2 17 5 2 1 1 5 21 21 21 21 21 21 21 21 21 21 21 21 21 21 21 21 21 21 21 21 21 21 21 21 21 21 21 21 21 
11 14 1 17 1 5 14 4 5 1 11 14 5 0 7 5 7 4 15 1 0 10 7 4 5 2 17 5 2 1 1 5 21 21 21 21 21 21 21 21 21 21 21 21 21 21 21 21 21 21 21 21 21 21 21 21 21 21 21 21 21 
15 15 14 14 5 2 13 12 7 2 15 11 7 15 5 8 11 13 20 7 4 17 10 7 13 3 0 10 10 18 14 0 21 21 21 21 21 21 21 21 21 21 21 21 21 21 21 21 21 21 21 21 21 21 21 21 21 21 21 21 21 
18 6 8 8 3 13 16 13 0 15 13 8 13 15 6 1 7 10 1 7 8 8 6 14 1 9 11 10 1 18 5 10 21 21 21 21 21 21 21 21 21 21 21 21 21 21 21 21 21 21 21 21 21 21 21 21 21 21 21 21 21 
7 12 0 18 2 11 4 13 4 11 15 4 11 4 11 14 11 0 0 14 5 5 12 2 16 5 11 13 3 14 2 11 21 21 21 21 21 21 21 21 21 21 21 21 21 21 21 21 21 21 21 21 21 21 21 21 21 21 21 21 21 
1 0 0 2 5 15 5 2 11 7 16 2 5 18 2 5 18 5 2 2 5 3 11 3 3 2 20 18 5 2 11 15 17 21 21 21 21 21 21 21 21 21 21 21 21 21 21 21 21 21 21 21 21 21 21 21 21 21 21 21 21 
1 0 0 10 5 11 5 2 7 14 16 2 5 18 12 5 18 5 2 12 5 3 11 3 3 2 20 18 5 2 11 15 17 21 21 21 21 21 21 21 21 21 21 21 21 21 21 21 21 21 21 21 21 21 21 21 21 21 21 21 21 
12 11 10 2 4 3 14 11 9 3 13 4 7 2 4 4 15 13 14 7 10 4 18 11 2 16 20 15 13 4 11 10 17 21 21 21 21 21 21 21 21 21 21 21 21 21 21 21 21 21 21 21 21 21 21 21 21 21 21 21 21 
17 18 13 11 1 6 0 1 6 18 5 13 12 5 7 3 16 2 7 18 16 10 14 2 16 0 2 2 4 0 0 5 5 21 21 21 21 21 21 21 21 21 21 21 21 21 21 21 21 21 21 21 21 21 21 21 21 21 21 21 21 
12 11 10 2 4 3 14 11 9 3 13 4 7 2 4 4 15 13 14 7 10 4 18 11 2 16 20 15 13 4 11 10 17 21 21 21 21 21 21 21 21 21 21 21 21 21 21 21 21 21 21 21 21 21 21 21 21 21 21 21 21 
11 2 8 1 17 9 6 2 8 3 17 4 13 17 14 14 14 4 10 4 17 20 6 17 5 15 15 15 2 7 13 0 2 21 21 21 21 21 21 21 21 21 21 21 21 21 21 21 21 21 21 21 21 21 21 21 21 21 21 21 21 
3 2 7 8 20 10 8 7 10 8 18 7 2 18 7 11 0 3 9 10 11 3 7 8 13 13 11 8 20 11 5 14 11 18 21 21 21 21 21 21 21 21 21 21 21 21 21 21 21 21 21 21 21 21 21 21 21 21 21 21 21 
17 3 16 10 20 3 16 15 8 14 12 13 7 5 2 11 14 7 9 1 2 2 20 8 18 0 5 11 2 9 11 0 11 11 21 21 21 21 21 21 21 21 21 21 21 21 21 21 21 21 21 21 21 21 21 21 21 21 21 21 21 
8 11 3 10 10 18 7 2 10 5 18 14 10 10 8 11 7 18 8 14 11 7 2 7 10 2 20 16 2 17 15 2 5 7 21 21 21 21 21 21 21 21 21 21 21 21 21 21 21 21 21 21 21 21 21 21 21 21 21 21 21 
15 17 2 16 5 10 3 2 4 6 6 10 7 2 0 5 2 3 15 4 14 8 2 20 8 11 10 11 18 2 0 3 11 18 0 21 21 21 21 21 21 21 21 21 21 21 21 21 21 21 21 21 21 21 21 21 21 21 21 21 21 
17 2 16 5 10 3 2 4 6 6 10 7 2 0 5 2 3 15 4 14 8 2 4 8 11 10 11 18 2 0 3 11 18 0 2 21 21 21 21 21 21 21 21 21 21 21 21 21 21 21 21 21 21 21 21 21 21 21 21 21 21 
2 16 5 10 3 2 4 6 6 10 7 2 0 5 2 3 15 4 14 8 2 4 8 11 10 11 18 2 0 3 11 18 0 2 2 21 21 21 21 21 21 21 21 21 21 21 21 21 21 21 21 21 21 21 21 21 21 21 21 21 21 
16 5 10 3 2 4 6 6 10 7 2 0 5 2 3 15 4 14 8 2 4 8 11 10 11 18 2 0 3 11 18 0 2 2 0 21 21 21 21 21 21 21 21 21 21 21 21 21 21 21 21 21 21 21 21 21 21 21 21 21 21 
5 10 3 2 4 6 6 10 7 2 0 5 2 3 15 4 14 8 2 4 8 11 10 11 18 2 0 3 11 18 0 2 2 0 7 21 21 21 21 21 21 21 21 21 21 21 21 21 21 21 21 21 21 21 21 21 21 21 21 21 21 
10 3 2 4 6 6 10 7 2 0 5 2 3 15 4 14 8 2 4 8 11 10 11 18 2 0 3 11 18 0 2 2 0 7 7 21 21 21 21 21 21 21 21 21 21 21 21 21 21 21 21 21 21 21 21 21 21 21 21 21 21 
3 2 4 6 6 10 7 2 0 5 2 3 15 4 14 8 2 4 8 11 10 11 18 2 0 3 11 18 0 2 2 0 7 7 3 21 21 21 21 21 21 21 21 21 21 21 21 21 21 21 21 21 21 21 21 21 21 21 21 21 21 
2 4 6 6 10 7 2 0 5 2 3 15 4 14 8 2 4 8 11 10 11 18 2 0 3 11 18 0 2 2 0 7 7 3 20 21 21 21 21 21 21 21 21 21 21 21 21 21 21 21 21 21 21 21 21 21 21 21 21 21 21 
4 6 6 10 7 2 0 5 2 3 15 4 14 8 2 4 8 11 10 11 18 2 0 3 11 18 0 2 2 0 7 7 3 20 10 21 21 21 21 21 21 21 21 21 21 21 21 21 21 21 21 21 21 21 21 21 21 21 21 21 21 
6 6 10 7 2 0 5 2 3 15 4 14 8 2 4 8 11 10 11 18 2 0 3 11 18 0 2 2 0 7 7 3 20 10 2 21 21 21 21 21 21 21 21 21 21 21 21 21 21 21 21 21 21 21 21 21 21 21 21 21 21 
6 10 7 2 0 5 2 3 15 4 14 8 2 4 8 11 10 11 18 2 0 3 11 18 0 2 2 0 7 7 3 20 10 2 5 21 21 21 21 21 21 21 21 21 21 21 21 21 21 21 21 21 21 21 21 21 21 21 21 21 21 
10 7 2 0 5 2 3 15 4 14 8 2 4 8 11 10 11 18 2 0 3 11 18 0 2 2 0 7 7 3 20 10 2 5 7 21 21 21 21 21 21 21 21 21 21 21 21 21 21 21 21 21 21 21 21 21 21 21 21 21 21 
7 2 0 5 2 3 15 4 14 8 2 4 8 11 10 11 18 2 0 3 11 18 0 2 2 0 7 7 3 20 10 2 5 7 12 21 21 21 21 21 21 21 21 21 21 21 21 21 21 21 21 21 21 21 21 21 21 21 21 21 21 
2 0 5 2 3 15 4 14 8 2 4 8 11 10 11 18 2 0 3 11 18 0 2 2 0 7 7 3 20 10 2 5 7 12 18 21 21 21 21 21 21 21 21 21 21 21 21 21 21 21 21 21 21 21 21 21 21 21 21 21 21 
10 14 2 8 8 7 15 11 2 3 6 10 3 10 7 10 0 2 8 18 11 18 7 3 2 0 0 7 18 0 9 10 5 5 7 21 21 21 21 21 21 21 21 21 21 21 21 21 21 21 21 21 21 21 21 21 21 21 21 21 21 
14 2 8 8 7 15 11 2 3 6 10 3 10 7 10 0 2 8 18 11 18 7 3 2 0 0 7 18 0 9 10 5 5 7 8 21 21 21 21 21 21 21 21 21 21 21 21 21 21 21 21 21 21 21 21 21 21 21 21 21 21 
2 8 8 7 15 11 2 3 6 10 3 10 7 10 0 2 8 18 11 18 7 3 2 0 0 7 18 0 9 10 5 5 7 8 20 21 21 21 21 21 21 21 21 21 21 21 21 21 21 21 21 21 21 21 21 21 21 21 21 21 21 
8 8 7 15 11 2 3 6 10 3 10 7 10 0 2 8 18 11 18 7 3 2 0 0 7 18 0 9 10 5 5 7 8 20 18 21 21 21 21 21 21 21 21 21 21 21 21 21 21 21 21 21 21 21 21 21 21 21 21 21 21 
8 7 15 11 2 3 6 10 3 10 7 10 0 2 8 18 11 18 7 3 2 0 0 7 18 0 9 10 5 5 7 8 20 18 2 21 21 21 21 21 21 21 21 21 21 21 21 21 21 21 21 21 21 21 21 21 21 21 21 21 21 
7 15 11 2 3 6 10 3 10 7 10 0 2 8 18 11 18 7 3 2 0 0 7 18 0 9 10 5 5 7 8 20 18 2 3 21 21 21 21 21 21 21 21 21 21 21 21 21 21 21 21 21 21 21 21 21 21 21 21 21 21 
15 11 2 3 6 10 3 10 7 10 0 2 8 18 11 18 7 3 2 0 0 7 18 0 9 10 5 5 7 8 20 18 2 3 7 21 21 21 21 21 21 21 21 21 21 21 21 21 21 21 21 21 21 21 21 21 21 21 21 21 21 
11 2 3 6 10 3 10 7 10 0 2 8 18 11 18 7 3 2 0 0 7 18 0 9 10 5 5 7 8 20 18 2 3 7 10 21 21 21 21 21 21 21 21 21 21 21 21 21 21 21 21 21 21 21 21 21 21 21 21 21 21 
2 3 6 10 3 10 7 10 0 2 8 18 11 18 7 3 2 0 0 7 18 0 9 10 5 5 7 8 20 18 2 3 7 10 4 21 21 21 21 21 21 21 21 21 21 21 21 21 21 21 21 21 21 21 21 21 21 21 21 21 21 
3 6 10 3 10 7 10 0 2 8 18 11 18 7 3 2 0 0 7 18 0 9 10 5 5 7 8 20 18 2 3 7 10 4 8 21 21 21 21 21 21 21 21 21 21 21 21 21 21 21 21 21 21 21 21 21 21 21 21 21 21 
6 10 3 10 7 10 0 2 8 18 11 18 7 3 2 0 0 7 18 0 9 10 5 5 7 8 20 18 2 3 7 10 4 8 9 21 21 21 21 21 21 21 21 21 21 21 21 21 21 21 21 21 21 21 21 21 21 21 21 21 21 
10 3 10 7 10 0 2 8 18 11 18 7 3 2 0 0 7 18 0 9 10 5 5 7 8 20 18 2 3 7 10 4 8 9 16 21 21 21 21 21 21 21 21 21 21 21 21 21 21 21 21 21 21 21 21 21 21 21 21 21 21 
3 10 7 10 0 2 8 18 11 18 7 3 2 0 0 7 18 0 9 10 5 5 7 8 20 18 2 3 7 10 4 8 9 16 20 21 21 21 21 21 21 21 21 21 21 21 21 21 21 21 21 21 21 21 21 21 21 21 21 21 21 
10 7 10 0 2 8 18 11 18 7 3 2 0 0 7 18 0 9 10 5 5 7 8 20 18 2 3 7 10 4 8 9 16 20 7 21 21 21 21 21 21 21 21 21 21 21 21 21 21 21 21 21 21 21 21 21 21 21 21 21 21 
7 10 0 2 8 18 11 18 7 3 2 0 0 7 18 0 9 10 5 5 7 8 20 18 2 3 7 10 4 8 9 16 20 7 7 21 21 21 21 21 21 21 21 21 21 21 21 21 21 21 21 21 21 21 21 21 21 21 21 21 21 
10 0 2 8 18 11 18 7 3 2 0 0 7 18 0 9 10 5 5 7 8 20 18 2 3 7 10 4 8 9 16 20 7 7 14 21 21 21 21 21 21 21 21 21 21 21 21 21 21 21 21 21 21 21 21 21 21 21 21 21 21 
0 2 8 18 11 18 7 3 2 0 0 7 18 0 9 10 5 5 7 8 20 18 2 3 7 10 4 8 9 16 20 7 7 14 14 21 21 21 21 21 21 21 21 21 21 21 21 21 21 21 21 21 21 21 21 21 21 21 21 21 21 
10 10 8 13 17 3 6 2 15 13 6 7 3 0 13 3 11 7 10 7 20 15 8 0 18 10 8 20 7 2 11 13 10 5 18 21 21 21 21 21 21 21 21 21 21 21 21 21 21 21 21 21 21 21 21 21 21 21 21 21 21 
10 8 13 17 3 6 2 15 13 6 7 3 0 13 3 11 7 10 7 20 15 8 0 18 10 8 20 7 2 11 13 10 5 18 7 21 21 21 21 21 21 21 21 21 21 21 21 21 21 21 21 21 21 21 21 21 21 21 21 21 21 
13 17 3 6 2 15 13 6 7 3 0 13 3 11 7 10 7 20 15 8 0 18 10 8 20 7 2 11 13 10 5 18 7 3 0 21 21 21 21 21 21 21 21 21 21 21 21 21 21 21 21 21 21 21 21 21 21 21 21 21 21 
17 3 6 2 15 13 6 7 3 0 13 3 11 7 10 7 20 15 8 0 18 10 8 20 7 2 11 13 10 5 18 7 3 0 2 21 21 21 21 21 21 21 21 21 21 21 21 21 21 21 21 21 21 21 21 21 21 21 21 21 21 
3 6 2 15 13 6 7 3 0 13 3 11 7 10 7 20 15 8 0 18 10 8 20 7 2 11 13 10 5 18 7 3 0 2 2 21 21 21 21 21 21 21 21 21 21 21 21 21 21 21 21 21 21 21 21 21 21 21 21 21 21 
6 2 15 13 6 7 3 0 13 3 11 7 10 7 20 15 8 0 18 10 8 20 7 2 11 13 10 5 18 7 3 0 2 2 16 21 21 21 21 21 21 21 21 21 21 21 21 21 21 21 21 21 21 21 21 21 21 21 21 21 21 
2 15 13 6 7 3 0 13 3 11 7 10 7 20 15 8 0 18 10 8 20 7 2 11 13 10 5 18 7 3 0 2 2 16 8 21 21 21 21 21 21 21 21 21 21 21 21 21 21 21 21 21 21 21 21 21 21 21 21 21 21 
15 13 6 7 3 0 13 3 11 7 10 7 20 15 8 0 18 10 8 20 7 2 11 13 10 5 18 7 3 0 2 2 16 8 15 21 21 21 21 21 21 21 21 21 21 21 21 21 21 21 21 21 21 21 21 21 21 21 21 21 21 
13 6 7 3 0 13 3 11 7 10 7 20 15 8 0 18 10 8 20 7 2 11 13 10 5 18 7 3 0 2 2 16 8 15 8 21 21 21 21 21 21 21 21 21 21 21 21 21 21 21 21 21 21 21 21 21 21 21 21 21 21 
6 7 3 0 13 3 11 7 10 7 20 15 8 0 18 10 8 20 7 2 11 13 10 5 18 7 3 0 2 2 16 8 15 8 11 21 21 21 21 21 21 21 21 21 21 21 21 21 21 21 21 21 21 21 21 21 21 21 21 21 21 
7 3 0 13 3 11 7 10 7 20 15 8 0 18 10 8 20 7 2 11 13 10 5 18 7 3 0 2 2 16 8 15 8 11 4 21 21 21 21 21 21 21 21 21 21 21 21 21 21 21 21 21 21 21 21 21 21 21 21 21 21 
3 0 13 3 11 7 10 7 20 15 8 0 18 10 8 20 7 2 11 13 10 5 18 7 3 0 2 2 16 8 15 8 11 4 18 21 21 21 21 21 21 21 21 21 21 21 21 21 21 21 21 21 21 21 21 21 21 21 21 21 21 
0 13 3 11 7 10 7 20 15 8 0 18 10 8 20 7 2 11 13 10 5 18 7 3 0 2 2 16 8 15 8 11 4 18 7 21 21 21 21 21 21 21 21 21 21 21 21 21 21 21 21 21 21 21 21 21 21 21 21 21 21 
13 3 11 7 10 7 20 15 8 0 18 10 8 20 7 2 11 13 10 5 18 7 3 0 2 2 16 8 15 8 11 4 18 7 14 21 21 21 21 21 21 21 21 21 21 21 21 21 21 21 21 21 21 21 21 21 21 21 21 21 21 
3 11 7 10 7 20 15 8 0 18 10 8 20 7 2 11 13 10 5 18 7 3 0 2 2 16 8 15 8 11 4 18 7 14 14 21 21 21 21 21 21 21 21 21 21 21 21 21 21 21 21 21 21 21 21 21 21 21 21 21 21 
13 3 11 7 10 7 20 15 8 0 18 10 8 20 7 2 11 13 10 5 18 7 3 0 2 2 16 8 15 8 11 4 18 7 14 21 21 21 21 21 21 21 21 21 21 21 21 21 21 21 21 21 21 21 21 21 21 21 21 21 21 
10 3 10 7 10 0 2 8 18 11 18 7 3 2 0 0 7 18 0 9 10 5 5 7 8 20 18 2 3 7 10 4 8 9 16 21 21 21 21 21 21 21 21 21 21 21 21 21 21 21 21 21 21 21 21 21 21 21 21 21 21 
2 16 5 10 3 2 4 6 6 10 7 2 0 5 2 3 15 4 14 8 2 4 8 11 10 11 18 2 0 3 11 18 0 2 2 21 21 21 21 21 21 21 21 21 21 21 21 21 21 21 21 21 21 21 21 21 21 21 21 21 21 
0 2 8 18 11 18 7 3 2 0 0 7 18 0 9 10 5 5 7 8 20 18 2 3 7 10 4 8 9 16 20 7 7 14 14 21 21 21 21 21 21 21 21 21 21 21 21 21 21 21 21 21 21 21 21 21 21 21 21 21 21 
18 9 18 15 13 18 18 10 0 18 12 4 5 8 10 5 8 4 10 15 18 11 4 6 11 10 11 15 2 4 0 11 18 11 2 21 21 21 21 21 21 21 21 21 21 21 21 21 21 21 21 21 21 21 21 21 21 21 21 21 21 
10 7 4 10 8 11 7 15 15 8 10 20 18 0 10 3 5 2 8 0 15 11 18 8 2 8 0 7 2 10 3 2 20 0 2 21 21 21 21 21 21 21 21 21 21 21 21 21 21 21 21 21 21 21 21 21 21 21 21 21 21 
13 16 13 0 15 13 8 13 15 6 1 7 10 1 7 8 8 6 14 1 9 11 10 1 18 5 10 6 8 18 18 6 4 18 18 21 21 21 21 21 21 21 21 21 21 21 21 21 21 21 21 21 21 21 21 21 21 21 21 21 21 
18 6 6 7 18 6 8 8 3 13 16 13 0 15 13 8 13 15 6 1 7 10 1 7 8 8 6 14 1 9 11 10 1 18 5 10 21 21 21 21 21 21 21 21 21 21 21 21 21 21 21 21 21 21 21 21 21 21 21 21 21 
13 11 15 11 15 18 11 15 11 15 18 11 15 11 15 18 11 15 18 18 11 15 18 18 15 18 18 11 15 18 18 11 15 18 18 18 18 21 21 21 21 21 21 21 21 21 21 21 21 21 21 21 21 21 21 21 21 21 21 21 21 
18 5 18 5 11 15 18 5 15 4 5 5 2 18 18 2 11 5 18 10 11 5 2 4 15 11 18 2 11 4 2 5 11 15 18 2 13 21 21 21 21 21 21 21 21 21 21 21 21 21 21 21 21 21 21 21 21 21 21 21 21 
4 10 8 11 7 15 15 8 10 20 18 0 10 3 5 2 8 0 15 11 18 8 2 8 0 7 2 10 3 2 20 0 2 4 18 17 0 21 21 21 21 21 21 21 21 21 21 21 21 21 21 21 21 21 21 21 21 21 21 21 21 
4 10 8 11 7 15 15 8 10 20 18 0 10 3 5 2 8 0 15 11 18 8 2 8 0 7 2 10 3 2 20 0 2 4 18 17 0 21 21 21 21 21 21 21 21 21 21 21 21 21 21 21 21 21 21 21 21 21 21 21 21 
4 10 1 5 1 10 1 4 5 4 10 1 5 1 10 1 4 5 10 4 4 5 15 6 4 15 4 15 6 4 15 4 16 16 16 16 16 16 21 21 21 21 21 21 21 21 21 21 21 21 21 21 21 21 21 21 21 21 21 21 21 
8 4 10 4 15 14 20 8 15 2 17 0 8 20 18 20 10 11 8 20 13 8 18 11 10 7 20 10 20 0 7 2 14 14 14 7 14 11 21 21 21 21 21 21 21 21 21 21 21 21 21 21 21 21 21 21 21 21 21 21 21 
3 2 7 2 3 13 0 18 2 8 15 14 2 2 3 2 14 17 0 12 8 5 10 20 3 11 10 18 18 2 8 0 7 17 10 8 2 18 0 21 21 21 21 21 21 21 21 21 21 21 21 21 21 21 21 21 21 21 21 21 21 
3 10 7 4 10 8 11 7 15 15 8 10 20 18 0 10 3 5 2 8 0 15 11 18 8 2 8 0 7 2 10 3 2 20 0 2 4 18 17 0 21 21 21 21 21 21 21 21 21 21 21 21 21 21 21 21 21 21 21 21 21 
15 5 2 11 7 16 2 5 18 2 5 18 5 2 2 5 3 11 3 3 2 10 5 2 20 11 0 11 13 20 11 5 2 18 7 9 13 0 6 2 15 21 21 21 21 21 21 21 21 21 21 21 21 21 21 21 21 21 21 21 21 
18 20 5 20 8 18 6 6 7 18 6 8 8 3 13 16 13 0 15 13 8 13 15 6 1 7 10 1 7 8 8 6 14 1 9 11 10 1 18 5 10 21 21 21 21 21 21 21 21 21 21 21 21 21 21 21 21 21 21 21 21 
15 3 2 4 3 10 7 4 10 8 11 7 15 15 8 10 20 18 0 10 3 5 2 8 0 15 11 18 8 2 8 0 7 2 10 3 2 20 0 2 4 18 17 0 21 21 21 21 21 21 21 21 21 21 21 21 21 21 21 21 21 
11 11 16 2 10 3 11 2 17 11 0 13 2 4 4 5 15 2 14 14 6 15 15 16 5 11 2 13 17 11 7 11 15 2 5 20 6 13 2 11 4 15 6 7 11 21 21 21 21 21 21 21 21 21 21 21 21 21 21 21 21 
8 13 17 3 6 2 15 13 6 7 3 0 13 3 11 7 10 7 20 15 8 0 18 10 8 20 7 2 11 7 10 5 18 7 3 0 2 2 16 8 15 8 11 4 18 21 21 21 21 21 21 21 21 21 21 21 21 21 21 21 21 
20 18 20 10 11 8 20 13 8 18 11 10 7 20 10 20 0 7 2 14 14 14 7 14 11 2 4 18 2 20 3 15 15 8 20 8 11 20 11 2 8 14 2 15 18 20 21 21 21 21 21 21 21 21 21 21 21 21 21 21 21 
20 8 20 7 11 8 20 13 20 18 0 10 7 20 10 8 0 15 2 14 14 14 8 14 7 2 4 18 2 20 3 3 15 8 20 8 8 20 7 2 8 14 2 20 18 0 21 21 21 21 21 21 21 21 21 21 21 21 21 21 21 
8 20 8 11 20 11 2 8 14 2 15 18 20 2 7 7 8 13 4 11 10 7 7 15 2 8 3 10 2 7 5 2 3 18 15 0 11 0 15 20 10 3 5 2 10 14 21 21 21 21 21 21 21 21 21 21 21 21 21 21 21 
3 15 3 2 4 3 10 7 4 10 8 11 7 15 15 8 10 20 18 0 10 3 5 2 8 0 15 11 18 8 2 8 0 7 2 10 3 2 20 0 2 4 18 17 0 20 17 10 21 21 21 21 21 21 21 21 21 21 21 21 21 
14 7 6 3 15 3 2 4 3 10 7 4 10 8 11 7 15 15 8 10 20 18 0 10 3 5 2 8 0 15 11 18 8 2 8 0 7 2 10 3 2 20 0 2 4 18 17 0 21 21 21 21 21 21 21 21 21 21 21 21 21 
4 5 5 5 5 7 15 20 9 1 11 15 7 20 6 0 11 14 18 1 13 20 9 20 5 8 12 5 18 15 5 4 6 6 15 7 1 10 18 5 3 7 6 10 20 1 10 20 11 21 21 21 21 21 21 21 21 21 21 21 21 
18 20 5 20 8 18 6 6 7 18 6 8 8 3 13 16 13 0 15 13 8 13 15 6 1 7 10 1 7 8 8 6 14 1 9 11 10 1 18 5 10 6 8 18 18 6 4 18 18 21 21 21 21 21 21 21 21 21 21 21 21 
13 18 8 16 14 7 6 3 15 3 2 4 3 10 7 4 10 8 11 7 15 15 8 10 20 18 0 10 3 5 2 8 0 15 11 18 8 2 8 0 7 2 10 3 2 20 0 2 4 18 17 0 21 21 21 21 21 21 21 21 21 
2 3 18 17 13 18 8 16 14 7 6 3 15 3 2 4 3 10 7 4 10 8 11 7 15 15 8 10 20 18 0 10 3 5 2 8 0 15 11 18 8 2 8 0 7 2 10 3 2 20 0 2 4 18 17 0 21 21 21 21 21 
0 2 3 7 6 18 0 0 2 3 18 17 13 18 8 16 14 7 6 3 15 3 2 4 3 10 7 4 10 8 11 7 15 15 8 10 20 18 0 10 3 5 2 8 0 15 11 18 8 2 8 0 7 2 10 3 21 21 21 21 21 
11 15 7 18 15 2 16 2 0 4 0 15 8 18 10 7 11 2 2 7 14 8 18 11 15 15 7 2 7 8 4 15 7 15 2 14 7 18 15 2 3 2 3 8 17 10 3 18 20 2 2 6 10 15 8 18 21 21 21 21 21 
6 18 0 0 2 3 18 17 13 18 8 16 14 7 6 3 15 3 2 4 3 10 7 4 10 8 11 7 15 15 8 10 20 18 0 10 3 5 2 8 0 15 11 18 8 2 8 0 7 2 10 3 2 20 0 2 4 18 17 0 21 
0 2 3 7 13 18 0 0 2 3 18 17 13 18 8 16 14 7 6 3 15 3 2 4 3 10 7 4 10 8 11 7 15 15 8 10 20 18 0 10 3 5 2 8 0 15 11 18 8 2 8 0 7 2 10 3 2 20 0 2 21 
0 0 2 5 15 5 2 11 7 16 2 5 18 2 5 18 5 2 2 5 3 11 3 3 2 20 18 5 2 11 15 17 0 0 20 11 20 20 10 5 2 20 11 0 11 13 20 11 5 2 18 7 9 13 0 6 2 15 0 3 12 
